









Frequency of observations in the selected location(s).:
Number of taxa: 	262

	Jan				Feb				Mar				Apr				May				Jun				Jul				Aug				Sep				Oct				Nov				Dec				
Sample Size:	9.0	25.0	26.0	19.0	12.0	1.0	23.0	8.0	3.0	6.0	11.0	9.0	1.0	4.0	21.0	2.0	0.0	1.0	0.0	1.0	0.0	0.0	1.0	1.0	1.0	1.0	11.0	5.0	0.0	2.0	2.0	7.0	3.0	11.0	9.0	1.0	1.0	1.0	1.0	10.0	10.0	27.0	5.0	1.0	6.0	0.0	4.0	1.0	

Little Tinamou	0.0	0.0	0.0769231	0.0	0.0	0.0	0.0434783	0.125	0.3333333	0.0	0.1818182	0.3333333	0.0	0.25	0.0952381	0.0	0.0	0.0	0.0	1.0	0.0	0.0	0.0	0.0	0.0	0.0	0.0909091	0.0	0.0	0.0	0.0	0.0	0.3333333	0.0	0.2222222	0.0015	0.0	0.0	0.0	0.1	0.0	0.0	0.2	1.0	0.1666667	0.0	0.0	0.0	
Bearded Guan	0.0	0.0	0.0	0.0	0.0	0.0	0.0	0.0	0.0	0.0	0.0	0.0	0.0	0.0	0.0	0.0	0.0	0.0	0.0	0.0	0.0	0.0	0.0	0.0	0.0	0.0	0.0	0.0	0.0	0.0	0.0	0.1428571	0.0	0.0	0.0	0.0	0.0	0.0	0.0	0.0	0.0	0.0	0.0	0.0	0.0	0.0	0.0	0.0	
Speckled Chachalaca	0.1111111	0.12	0.1153846	0.0526316	0.1666667	1.0	0.0015	0.125	0.3333333	0.0	0.2727273	0.3333333	0.0	0.0	0.0952381	0.5	0.0	0.0	0.0	0.0	0.0	0.0	0.0	0.0	0.0	0.0	0.0909091	0.0015	0.0	0.5	0.5	0.1428571	0.0	0.0	0.1111111	1.0	0.0	0.0	0.0	0.1	0.2	0.037037	0.2	0.0	0.6666667	0.0	0.0	0.0	
Rock Pigeon	0.0015	0.0	0.0384615	0.0	0.0	0.0	0.0	0.0	0.0	0.0	0.0	0.0	0.0	0.0	0.0015	0.0	0.0	0.0	0.0	0.0	0.0	0.0	0.0	0.0	0.0	0.0	0.0	0.0	0.0	0.0	0.0	0.1428571	0.0	0.0	0.0	0.0	0.0	0.0	0.0	0.0	0.0	0.0	0.0	0.0	0.0	0.0	0.0	0.0	
Plumbeous Pigeon	0.1111111	0.0	0.0769231	0.0526316	0.1666667	0.0	0.0	0.125	0.0	0.1666667	0.1818182	0.2222222	0.0	0.25	0.0015	0.0	0.0	0.0	0.0	0.0	0.0	0.0	0.0	0.0	0.0	0.0	0.0015	0.0015	0.0	0.0	0.0	0.1428571	0.3333333	0.0909091	0.1111111	0.0	0.0	0.0	0.0	0.0	0.0	0.0	0.0	1.0	0.1666667	0.0	0.0	0.0	
Ruddy Pigeon	0.0	0.0	0.0384615	0.0	0.0833333	0.0	0.0434783	0.125	0.3333333	0.1666667	0.0	0.1111111	0.0	0.0	0.0	0.0	0.0	0.0	0.0	0.0	0.0	0.0	0.0	0.0	0.0	0.0	0.0	0.2	0.0	0.0	0.0	0.1428571	0.3333333	0.0	0.1111111	0.0	0.0	0.0	0.0	0.0	0.1	0.0	0.2	1.0	0.0	0.0	0.25	0.0	
Smooth-billed Ani	0.2222222	0.16	0.0769231	0.1052632	0.4166667	0.0	0.0869565	0.375	0.6666667	0.1666667	0.0909091	0.2222222	0.0	0.0	0.1428571	0.5	0.0	0.0	0.0	0.0	0.0	0.0	0.0	0.0	0.0	0.0	0.2727273	0.2	0.0015	0.0	0.0	0.1428571	0.0	0.0	0.3333333	0.0	0.0	0.0	1.0	0.5	0.3	0.2592593	0.2	1.0	0.1666667	0.0	0.25	0.0	
Little Cuckoo	0.0	0.0	0.0	0.0	0.1666667	0.0	0.0434783	0.125	0.0	0.0	0.0	0.0	0.0	0.0	0.0015	0.0	0.0	0.0	0.0	0.0	0.0	0.0	0.0	0.0	0.0	0.0	0.0909091	0.0	0.0015	0.0	0.0	0.0	0.0	0.0	0.1111111	0.0015	0.0	0.0	0.0	0.0	0.0	0.0	0.0	0.0	0.0	0.0	0.0	0.0	
Common Squirrel-Cuckoo	0.2222222	0.12	0.1538462	0.1578947	0.1666667	0.0	0.0869565	0.125	0.3333333	0.5	0.1818182	0.3333333	0.0	0.25	0.3333333	0.0	0.0	0.0	0.0	0.0	0.0	0.0	0.0	0.0	0.0	0.0	0.1818182	0.2	0.0	0.5	0.5	0.2857143	0.6666667	0.0	0.5555556	0.0	0.0	0.0	0.0	0.1	0.1	0.0740741	0.2	1.0	0.1666667	0.0	0.25	0.0	
Common Pauraque	0.0	0.0	0.0	0.0	0.0	0.0	0.0	0.125	0.0	0.0	0.0909091	0.1111111	0.0	0.0	0.047619	0.0	0.0	0.0	0.0	0.0	0.0	0.0	1.0	0.0	0.0	0.0	0.0015	0.0	0.0	0.0	0.0	0.1428571	0.3333333	0.0909091	0.1111111	0.0	0.0	0.0	0.0	0.1	0.0	0.0	0.0	1.0	0.0	0.0	0.0	0.0	
Chestnut-collared Swift	0.1111111	0.08	0.1153846	0.0526316	0.0833333	0.0	0.0434783	0.0	0.0	0.0	0.0	0.0	0.0	0.0	0.047619	0.0	0.0	0.0	0.0	0.0	0.0	0.0	0.0	0.0	0.0	0.0	0.0	0.0	0.0	0.5	0.0	0.0	0.0	0.0	0.1111111	0.0	0.0	0.0	0.0	0.1	0.0	0.2592593	0.0	0.0	0.0	0.0	0.0	0.0	
White-collared Swift	0.3333333	0.2	0.2307692	0.2631579	0.1666667	0.0	0.1304348	0.25	0.0	0.1666667	0.2727273	0.2222222	0.0	0.0	0.0	0.0	0.0	0.0	0.0	0.0	0.0	0.0	0.0	0.0	0.0	0.0	0.0	0.0	0.0015	0.5	0.0	0.0	0.0	0.0	0.0015	0.0015	0.0	0.0	0.0	0.2	0.0	0.2222222	0.2	0.0	0.5	0.0	0.25	0.0	
Gray-rumped Swift	0.2222222	0.12	0.0769231	0.1052632	0.0	0.0	0.173913	0.25	0.3333333	0.0015	0.1818182	0.1111111	0.0	0.0	0.047619	0.0	0.0	0.0	0.0	0.0	0.0	0.0	0.0	0.0	0.0	0.0	0.0	0.0	0.0	0.0	0.0	0.1428571	0.6666667	0.0	0.1111111	0.0	0.0	0.0	0.0	0.1	0.1	0.0740741	0.0	1.0	0.0	0.0	0.0	0.0015	
White-tipped Swift	0.0	0.04	0.0	0.0	0.0833333	0.0	0.0	0.0	0.0	0.0	0.0	0.0	0.0	0.0	0.0	0.0	0.0	0.0	0.0	0.0	0.0	0.0	0.0	0.0	0.0	0.0	0.0	0.0	0.0	0.5	0.0	0.0	0.0	0.0	0.2222222	0.0	0.0	0.0	0.0	0.2	0.0	0.2592593	0.0	0.0	0.0	0.0	0.0	0.0015	
Buff-tailed Sicklebill	0.0	0.0	0.0	0.0	0.0	0.0	0.0	0.0	0.0	0.0	0.0	0.0	0.0	0.0	0.0	0.5	0.0	0.0	0.0	0.0	0.0	0.0	0.0	0.0	0.0	0.0	0.0	0.0015	0.0	0.0	0.5	0.0	0.0015	0.0	0.0	0.0	0.0	0.0	0.0	0.0	0.0	0.0	0.0	0.0	0.0	0.0	0.0	0.0015	
Pale-tailed Barbthroat	0.0	0.04	0.0	0.0	0.0	0.0	0.0	0.0	0.0	0.1666667	0.0	0.0	0.0	0.0	0.0	0.0	0.0	0.0	0.0	0.0	0.0	0.0	0.0	0.0	0.0	0.0	0.0	0.0015	0.0	0.0	0.5	0.0	0.0	0.0	0.0	0.0	0.0	0.0	0.0	0.0	0.0	0.0	0.0	0.0	0.0	0.0	0.0	0.0	
Green Hermit	0.0	0.0	0.0384615	0.0	0.0	0.0	0.0434783	0.25	0.3333333	0.0	0.0909091	0.1111111	0.0	0.0	0.047619	0.0	0.0	0.0	0.0	0.0	0.0	0.0	0.0	0.0	0.0	0.0	0.0	0.4	0.0	0.0	0.0	0.0	0.3333333	0.0	0.2222222	0.0	0.0	0.0	0.0	0.0	0.0	0.0	0.0	0.0	0.3333333	0.0	0.0	0.0	
Tawny-bellied Hermit	0.0	0.04	0.0	0.0	0.0	0.0	0.0	0.0	0.0	0.0	0.0	0.0	0.0	0.0	0.0	0.5	0.0	0.0	0.0	0.0	0.0	0.0	0.0	0.0	0.0	0.0	0.0	0.0015	0.0	0.0	0.0	0.0015	0.0	0.0	0.0	0.0	0.0	0.0	0.0	0.0	0.0	0.0	0.0	0.0	0.0	0.0	0.0	0.0	
Great-billed Hermit	0.0	0.0	0.0384615	0.0526316	0.0833333	0.0	0.0	0.0	0.0	0.0	0.0909091	0.0015	0.0	0.0	0.047619	0.0	0.0	0.0	0.0	0.0	0.0	0.0	0.0	0.0	0.0	0.0	0.0	0.0	0.0	0.0	1.0	0.0	0.3333333	0.0	0.0	1.0	0.0	0.0	0.0	0.0	0.0	0.0	0.4	0.0	0.0	0.0	0.0	0.0	
Gray-chinned Hermit	0.0	0.0	0.0384615	0.0526316	0.0833333	0.0	0.0434783	0.25	0.3333333	0.0	0.0	0.1111111	0.0	0.25	0.0952381	0.0	0.0	0.0	0.0	0.0	0.0	0.0	0.0	0.0	0.0	0.0	0.0909091	0.0	0.0	0.0	0.5	0.0	0.6666667	0.0	0.1111111	0.0015	0.0	0.0	0.0	0.0	0.0	0.0740741	0.0	0.0	0.3333333	0.0	0.0	0.0	
hermit sp.	0.0	0.0	0.0	0.0	0.0	0.0	0.0	0.0	0.0	0.0	0.0	0.0	0.0	0.0	0.0	0.0	0.0	0.0	0.0	0.0	0.0	0.0	0.0	0.0	0.0	0.0	0.0	0.0	0.0	0.5	0.0	0.0	0.0	0.0	0.0	0.0	0.0	0.0	0.0	0.0	0.0	0.0	0.0	0.0	0.0	0.0	0.0	0.0	
Lesser Violetear	0.0	0.0	0.0	0.0	0.0	0.0	0.0	0.0	0.0	0.0	0.0	0.0	0.0	0.0	0.0	0.0	0.0	0.0	0.0	0.0	0.0	0.0	0.0	0.0	0.0	0.0	0.0	0.0	0.0015	0.0	0.0	0.0	0.0	0.0	0.0	0.0	0.0	0.0	0.0	0.1	0.0	0.0	0.0	0.0	0.1666667	0.0	0.0	0.0	
Black-eared Fairy	0.2222222	0.16	0.0769231	0.1052632	0.25	0.0	0.0	0.25	0.3333333	0.1666667	0.0	0.2222222	0.0	0.0	0.1428571	0.5	0.0	1.0	0.0	0.0	0.0	0.0	0.0	0.0	0.0	0.0	0.0909091	0.0	0.0	0.0	0.0	0.0	0.0	0.0	0.0	0.0	0.0	0.0	1.0	0.0	0.0	0.0	0.0	0.0	0.0015	0.0	0.0	0.0015	
Royal Sunangel	0.0	0.04	0.0	0.0	0.0	0.0	0.0	0.125	0.0	0.1666667	0.0909091	0.0	0.0	0.0	0.0	0.0	0.0	0.0	0.0	1.0	0.0	0.0	0.0	0.0	0.0	0.0	0.0	0.0	0.0015	0.0015	0.0	0.0	0.0	0.0	0.1111111	0.0	0.0	0.0	0.0	0.1	0.0	0.0	0.2	0.0	0.1666667	0.0	0.0	0.0	
Wire-crested Thorntail	0.0	0.0	0.0	0.0	0.0	0.0	0.0	0.0	0.0	0.0	0.0	0.0	0.0	0.0	0.047619	0.0	0.0	0.0	0.0	0.0	0.0	0.0	0.0	0.0	0.0	0.0	0.0	0.0	0.0	0.0015	0.0	0.0	0.0	0.0	0.0	0.0	0.0	0.0	0.0	0.0	0.0	0.0	0.0	0.0	0.0	0.0	0.0	0.0	
Gould's Jewelfront	0.0	0.0	0.0384615	0.0526316	0.0	0.0	0.0	0.0	0.0	0.0	0.0	0.0	0.0	0.0	0.0	0.0	0.0	0.0	0.0	0.0	0.0	0.0	0.0	0.0	0.0	0.0	0.0	0.0	0.0	0.0	0.0	0.1428571	0.0	0.0	0.0	0.0	0.0	0.0	0.0	0.0	0.0	0.0	0.0	0.0	0.0	0.0	0.0	0.0	
Violet-fronted Brilliant	0.0	0.0	0.0	0.0	0.0	0.0	0.0	0.125	0.0	0.0	0.0	0.0	0.0	0.0	0.0	0.0	0.0	0.0	0.0	0.0	0.0	0.0	0.0	0.0	0.0	0.0	0.0	0.0	0.0	0.0	0.0	0.1428571	0.0	0.0	0.0	0.0	0.0	0.0	0.0	0.0	0.0	0.0	0.0	0.0	0.1666667	0.0	0.0	0.0	
Amethyst Woodstar	0.3333333	0.08	0.0384615	0.0	0.0	0.0	0.0	0.0	0.0	0.0	0.0	0.0	0.0	0.0	0.0	0.0	0.0	0.0	0.0	0.0	0.0	0.0	0.0	0.0	0.0	0.0	0.0	0.6	0.0	0.0	0.0	0.0	0.3333333	0.1818182	0.1111111	0.0	0.0	1.0	1.0	0.1	0.5	0.3333333	0.2	1.0	0.3333333	0.0	0.25	0.0015	
Blue-tailed Emerald	0.4444444	0.0	0.0	0.0	0.0	0.0	0.0434783	0.125	0.0	0.0	0.0	0.0	0.0	0.25	0.0	0.0	0.0	0.0	0.0	0.0	0.0	0.0	0.0	0.0	0.0	0.0	0.0	0.0	0.0	0.0015	0.0	0.0	0.0	0.0	0.0	0.0	0.0	0.0	0.0	0.0	0.0015	0.0	0.0	0.0	0.0	0.0	0.25	0.0015	
Violet-headed Hummingbird	0.3333333	0.0	0.1153846	0.0526316	0.0	0.0	0.0434783	0.125	0.0	0.0	0.0	0.0	0.0	0.25	0.0	0.5	0.0	0.0	0.0	1.0	0.0	0.0	0.0	0.0	0.0	0.0	0.0909091	0.0	0.0	0.0	0.0	0.0	0.0	0.0	0.0	0.0	0.0	0.0	0.0	0.0	0.0	0.0	0.0	1.0	0.0	0.0	0.25	0.0	
Gray-breasted Sabrewing	0.1111111	0.16	0.0769231	0.0526316	0.0	0.0	0.0434783	0.125	0.0	0.1666667	0.0	0.1111111	0.0	0.0	0.047619	0.0	0.0	0.0	0.0	0.0	0.0	0.0	0.0	0.0	0.0	0.0	0.0015	0.0	0.0	0.0	1.0	0.0	0.6666667	0.0	0.2222222	0.0	0.0	0.0	0.0	0.1	0.0	0.037037	0.2	0.0	0.0	0.0	0.5	0.0	
Golden-tailed Sapphire	0.1111111	0.0	0.1153846	0.2105263	0.0	0.0	0.1304348	0.0	0.0	0.0	0.0	0.3333333	0.0	0.0	0.0952381	0.5	0.0	0.0	0.0	0.0	0.0	0.0	0.0	0.0	0.0	0.0	0.0	0.0	0.0	0.0	0.0015	0.0	0.0	0.0	0.0	0.0	0.0	0.0	0.0	0.1	0.1	0.037037	0.4	0.0	0.5	0.0	0.0015	0.0015	
Glittering-throated Emerald	0.2222222	0.24	0.1923077	0.1052632	0.0	0.0	0.0434783	0.25	0.3333333	0.1666667	0.1818182	0.3333333	0.0	0.25	0.2857143	0.5	0.0	0.0	0.0	0.0	0.0	0.0	0.0	1.0	0.0	0.0	0.2727273	0.4	0.0	0.0	0.5	0.4285714	0.6666667	0.1818182	0.1111111	1.0	0.0	1.0	0.0	0.2	0.1	0.3333333	0.4	1.0	0.6666667	0.0	0.0	1.0	
Uniform Crake	0.0	0.08	0.0	0.0	0.0	0.0	0.0434783	0.25	0.0	0.0	0.0	0.0	0.0	0.0	0.0	0.0	0.0	0.0	0.0	0.0	0.0	0.0	0.0	0.0	0.0	0.0	0.0	0.2	0.0	0.0	0.0	0.0	0.0	0.1818182	0.0	0.0	0.0	0.0	0.0	0.0	0.0	0.0	0.0	0.0	0.0	0.0	0.0	0.0015	
Chestnut-headed Crake	0.0	0.0	0.0384615	0.0	0.1666667	0.0	0.1304348	0.5	0.3333333	0.0	0.0909091	0.3333333	0.0	0.0	0.047619	0.0	0.0	0.0	0.0	0.0	0.0	0.0	0.0	0.0	0.0	0.0	0.0	0.0	0.0015	0.5	0.0	0.0	0.0	0.0	0.4444444	0.0015	0.0	0.0	0.0	0.1	0.1	0.0	0.2	0.0	0.1666667	0.0	0.0	0.0	
Striated Heron	0.0015	0.0	0.0	0.0526316	0.0	0.0	0.0	0.0	0.0	0.0	0.0	0.2222222	0.0	0.0	0.047619	0.0	0.0	0.0	0.0	0.0	0.0	0.0	0.0	0.0	0.0	0.0	0.0909091	0.0015	0.0015	0.0	0.0	0.1428571	0.0	0.0	0.0	0.0	0.0	0.0	0.0	0.0	0.0015	0.0	0.0	0.0	0.0	0.0	0.0015	0.0	
Black Vulture	0.4444444	0.04	0.1153846	0.2105263	0.3333333	0.0	0.1304348	0.375	0.3333333	0.5	0.1818182	0.4444444	0.0	0.0	0.1904762	0.0015	0.0	0.0	0.0	0.0	0.0	0.0	1.0	0.0	0.0	1.0	0.3636364	0.2	0.0	0.5	0.5	0.7142857	0.6666667	0.0909091	0.3333333	1.0	0.0	0.0	1.0	0.3	0.3	0.2222222	0.4	1.0	0.3333333	0.0	0.25	0.0	
Turkey Vulture	0.3333333	0.24	0.1153846	0.1052632	0.25	0.0	0.1304348	0.125	0.6666667	0.0	0.0909091	0.2222222	0.0	0.0	0.1428571	0.0	0.0	0.0	0.0	0.0	0.0	0.0	1.0	0.0	0.0	0.0	0.1818182	0.0015	0.0	0.5	0.5	0.4285714	0.6666667	0.0909091	0.2222222	1.0	0.0	0.0	0.0	0.0	0.1	0.1111111	0.0	1.0	0.1666667	0.0	0.25	0.0015	
Greater Yellow-headed Vulture	0.2222222	0.04	0.0769231	0.1052632	0.25	1.0	0.0434783	0.0	0.3333333	0.3333333	0.0	0.4444444	0.0	0.0	0.047619	0.5	0.0	0.0	0.0	0.0	0.0	0.0	0.0	0.0	0.0	1.0	0.1818182	0.0	0.0	0.0	1.0	0.0015	0.6666667	0.0	0.2222222	0.0015	0.0	0.0	0.0	0.1	0.1	0.1481481	0.6	1.0	0.0	0.0	0.0	0.0	
Hook-billed Kite	0.0	0.0	0.0	0.0	0.0	0.0	0.0	0.0	0.0	0.0	0.0	0.0	0.0	0.0	0.0	0.0	0.0	0.0	0.0	0.0	0.0	0.0	1.0	0.0	0.0	0.0	0.0	0.0	0.0	0.0	0.0	0.0	0.0	0.0	0.0	0.0	0.0	0.0	0.0	0.0	0.0	0.0	0.0	0.0	0.0	0.0	0.0	0.0	
Swallow-tailed Kite	0.0	0.0	0.0	0.0526316	0.0833333	0.0	0.0	0.0	0.0	0.0	0.0	0.1111111	0.0	0.0	0.0015	0.5	0.0	0.0	0.0	0.0	0.0	0.0	0.0	0.0	0.0	1.0	0.0	0.0	0.0015	0.0015	0.5	0.1428571	0.6666667	0.0	0.0015	0.0	0.0	0.0	0.0	0.1	0.1	0.0740741	0.4	1.0	0.0	0.0	0.0	0.0	
Plumbeous Kite	0.0	0.0	0.0	0.0	0.0	0.0	0.0	0.0	0.0	0.0	0.0	0.2222222	0.0	0.25	0.0952381	0.0015	0.0	0.0	0.0	0.0	0.0	0.0	0.0	0.0	0.0	1.0	0.1818182	0.2	0.0015	0.0	0.0	0.1428571	0.0	0.0	0.2222222	0.0	1.0	0.0	0.0	0.0	0.1	0.037037	0.2	0.0	0.0	0.0	0.0	0.0	
Roadside Hawk	0.3333333	0.08	0.1538462	0.2105263	0.3333333	0.0	0.2173913	0.5	0.3333333	0.5	0.0909091	0.4444444	0.0	0.25	0.1904762	0.5	0.0	0.0	0.0	0.0	0.0	0.0	1.0	1.0	0.0	0.0	0.2727273	0.2	0.0015	0.0015	0.5	0.2857143	0.6666667	0.1818182	0.3333333	1.0	1.0	0.0	0.0	0.3	0.3	0.2222222	0.4	1.0	0.1666667	0.0	0.25	0.0015	
White-throated Screech-Owl	0.0	0.0	0.0	0.0	0.0	0.0	0.0	0.0	0.0	0.0	0.0	0.0	0.0	0.0	0.0	0.0	0.0	0.0	0.0	0.0	0.0	0.0	0.0	0.0	0.0	0.0	0.0909091	0.0	0.0	0.0	0.0	0.0	0.0	0.0	0.0	0.0	0.0	0.0	0.0	0.0	0.0	0.0	0.0	0.0	0.0	0.0	0.0	0.0	
Band-bellied Owl	0.1111111	0.16	0.1153846	0.1052632	0.0833333	0.0	0.1304348	0.25	0.0	0.1666667	0.0909091	0.2222222	0.0	0.5	0.047619	0.0	0.0	0.0	0.0	0.0	0.0	0.0	0.0	0.0	1.0	0.0	0.0	0.2	0.0015	0.5	0.0	0.1428571	0.0015	0.0909091	0.2222222	0.0	0.0	0.0	0.0	0.1	0.0	0.1111111	0.0	0.0	0.1666667	0.0	0.0	0.0015	
Ferruginous Pygmy-Owl	0.0	0.0	0.0769231	0.0526316	0.0	0.0	0.0015	0.0	0.0	0.0	0.0	0.0	0.0	0.0	0.0	0.0	0.0	0.0	0.0	0.0	0.0	0.0	0.0	0.0	0.0	0.0	0.0909091	0.0	0.0	0.0	0.0	0.0	0.0	0.0	0.1111111	0.0	0.0	0.0	0.0	0.0	0.0	0.037037	0.0	0.0	0.0	0.0	0.0	0.0	
Mottled Owl	0.0	0.0	0.0	0.0	0.0	0.0	0.0	0.0	0.0	0.0	0.0	0.0	0.0	0.0	0.0	0.0	0.0	0.0	0.0	0.0	0.0	0.0	0.0	0.0	0.0	0.0	0.0015	0.0	0.0	0.0	0.0	0.0	0.0	0.0	0.0	0.0	0.0	0.0	0.0	0.0	0.0	0.0	0.0	0.0	0.0	0.0	0.0	0.0	
Rufous-banded Owl	0.0	0.0	0.0	0.0	0.0	0.0	0.0	0.0	0.0	0.0	0.0	0.0	0.0	0.0	0.0	0.0	0.0	0.0	0.0	0.0	0.0	0.0	0.0	0.0	0.0	0.0	0.0015	0.0	0.0	0.0	0.0	0.0	0.0	0.0	0.0	0.0	0.0	0.0	0.0	0.0	0.0	0.0	0.0	0.0	0.0	0.0	0.0	0.0	
Golden-headed Quetzal	0.0	0.0	0.0	0.0	0.0	0.0	0.0	0.0	0.0	0.0	0.0	0.0	0.0	0.0	0.0	0.0	0.0	0.0	0.0	0.0	0.0	0.0	0.0	0.0	0.0	0.0	0.0909091	0.0	0.0	0.0	0.0	0.0	0.0	0.0	0.0	0.0	0.0	0.0	0.0	0.0	0.0	0.0	0.0	0.0	0.1666667	0.0	0.0	0.0	
Crested Quetzal	0.0	0.0	0.0	0.0	0.0	0.0	0.0	0.0	0.0	0.0	0.0	0.0	0.0	0.0	0.0	0.0	0.0	0.0	0.0	0.0	0.0	0.0	0.0	0.0	0.0	0.0	0.0	0.0	0.0015	0.0	0.0	0.0	0.0	0.0	0.0	0.0015	0.0	0.0	0.0	0.0	0.0	0.0	0.0	0.0	0.0	0.0	0.0	0.0	
Green-backed Trogon	0.3333333	0.04	0.1538462	0.3684211	0.3333333	1.0	0.0869565	0.125	0.3333333	0.5	0.0909091	0.3333333	0.0	0.0	0.047619	0.0	0.0	1.0	0.0	0.0	0.0	0.0	1.0	0.0	0.0	0.0	0.1818182	0.0015	0.0015	0.0	0.0015	0.1428571	0.0	0.0	0.2222222	1.0	0.0	0.0	0.0	0.2	0.0	0.0	0.2	1.0	0.0	0.0	0.0	0.0015	
Amazonian Violaceous Trogon	0.1111111	0.0	0.0384615	0.0	0.0	0.0	0.0	0.125	0.0	0.0	0.0	0.0	0.0	0.0	0.0	0.0	0.0	0.0	0.0	1.0	0.0	0.0	0.0	0.0	0.0	0.0	0.0	0.0	0.0	0.5	0.0	0.1428571	0.0	0.0	0.0	0.0	1.0	0.0	0.0	0.0	0.0	0.0	0.0015	1.0	0.1666667	0.0	0.0	0.0	
Collared Trogon	0.0	0.04	0.0	0.0	0.1666667	0.0	0.0434783	0.125	0.3333333	0.0	0.0909091	0.2222222	0.0	0.0	0.0	0.0	0.0	0.0	0.0	0.0	0.0	0.0	0.0	0.0	0.0	0.0	0.0909091	0.2	0.0	0.0015	0.0	0.0	0.6666667	0.0909091	0.5555556	0.0	0.0	0.0	0.0	0.1	0.0	0.0	0.0	0.0	0.0	0.0	0.0	0.0	
Rufous Motmot	0.0	0.0	0.0	0.0	0.0	0.0	0.0	0.0	0.0	0.0	0.0	0.0	0.0	0.0	0.0	0.0	0.0	0.0	0.0	0.0	0.0	0.0	0.0	0.0	0.0	0.0	0.0	0.0	0.0	0.0	0.0	0.0015	0.0	0.0	0.0	0.0	0.0	0.0	0.0	0.0	0.0	0.0	0.0	0.0	0.0	0.0	0.0	0.0	
Ringed Kingfisher	0.1111111	0.0	0.0384615	0.0526316	0.0	0.0	0.0869565	0.0	0.0	0.0	0.0	0.2222222	0.0	0.25	0.0952381	0.0	0.0	0.0	0.0	0.0	0.0	0.0	0.0	0.0	0.0	0.0	0.0909091	0.0	0.0015	0.0015	0.5	0.0	0.0	0.0	0.0	0.0015	0.0	0.0	0.0	0.0	0.0	0.037037	0.0	0.0	0.0	0.0	0.0	0.0	
Amazon Kingfisher	0.2222222	0.0	0.0	0.1052632	0.0	1.0	0.0	0.0	0.0	0.0	0.0909091	0.0	0.0	0.0	0.0952381	0.0	0.0	0.0	0.0	0.0	0.0	0.0	0.0	0.0	0.0	0.0	0.0909091	0.0	0.0015	0.0	0.0	0.4285714	0.0	0.1818182	0.1111111	0.0	0.0	0.0	0.0	0.0	0.0	0.0	0.0	0.0	0.0	0.0	0.0	0.0	
Green Kingfisher	0.0	0.0	0.0	0.0	0.0833333	0.0	0.0434783	0.0	0.0	0.0	0.0	0.0	0.0	0.0	0.0	0.0	0.0	0.0	0.0	0.0	0.0	0.0	0.0	0.0	0.0	0.0	0.0909091	0.0	0.0015	0.0	0.0	0.0	0.0	0.0	0.0	0.0	0.0	0.0	0.0	0.0	0.0	0.0	0.0	0.0	0.0	0.0	0.0	0.0	
White-fronted Nunbird	0.0	0.0	0.0	0.0	0.0833333	0.0	0.0	0.0	0.0	0.0	0.0	0.0	0.0	0.0	0.0	0.0	0.0	0.0	0.0	0.0	0.0	0.0	0.0	0.0	0.0	0.0	0.0	0.0	0.0	0.0	0.0	0.0015	0.0	0.0	0.0	0.0	0.0	0.0	0.0	0.0	0.0	0.0	0.0	0.0	0.0	0.0	0.0	0.0	
Coppery-chested Jacamar	0.0	0.0	0.0	0.0	0.0	0.0	0.0	0.0	0.0	0.0	0.0	0.0	0.0	0.0	0.0	0.0	0.0	0.0	0.0	0.0	0.0	0.0	0.0	0.0	0.0	0.0	0.0	0.0	0.0	0.0	0.0	0.1428571	0.0	0.0	0.0	0.0	0.0	0.0	0.0	0.0	0.0	0.0	0.0	0.0	0.0	0.0	0.0	0.0	
Purplish Jacamar	0.0015	0.0	0.0769231	0.1052632	0.1666667	0.0	0.173913	0.0	0.0	0.0	0.2727273	0.2222222	0.0	0.0	0.047619	0.5	0.0	0.0	0.0	0.0	0.0	0.0	1.0	0.0	0.0	1.0	0.1818182	0.2	0.0015	0.5	0.0	0.2857143	0.3333333	0.0909091	0.2222222	0.0	0.0	0.0	0.0	0.2	0.0	0.1111111	0.0	0.0	0.0	0.0	0.0	0.0015	
Gilded Barbet	0.0	0.0	0.0769231	0.1052632	0.0	0.0	0.0869565	0.125	0.3333333	0.1666667	0.0	0.3333333	0.0	0.0	0.047619	0.0015	0.0	0.0	0.0	0.0	0.0	0.0	0.0	0.0	0.0	0.0	0.0	0.0	0.0015	0.0	0.0	0.1428571	0.6666667	0.0909091	0.3333333	0.0	0.0	0.0	0.0	0.0	0.0	0.037037	0.0015	1.0	0.1666667	0.0	0.0	0.0	
Lemon-throated Barbet	0.0	0.04	0.0	0.1052632	0.0833333	1.0	0.0	0.125	0.3333333	0.0	0.0909091	0.2222222	0.0	0.0	0.0015	0.0	0.0	0.0	0.0	0.0	0.0	0.0	0.0	0.0	0.0	0.0	0.0909091	0.0	0.0015	0.0	0.0	0.1428571	0.0	0.0	0.1111111	0.0015	0.0	0.0	0.0	0.0	0.0	0.0	0.0	1.0	0.1666667	0.0	0.0	0.0	
Chestnut-eared Aracari	0.2222222	0.12	0.0384615	0.0526316	0.3333333	0.0	0.0869565	0.0	0.0	0.3333333	0.0909091	0.1111111	0.0	0.0	0.1428571	0.5	0.0	0.0	0.0	0.0	0.0	0.0	0.0	0.0	0.0	0.0	0.0909091	0.4	0.0	0.0	0.0	0.2857143	0.3333333	0.0	0.0	0.0	0.0	0.0	0.0	0.0	0.0	0.1111111	0.2	0.0	0.0	0.0	0.0	0.0015	
Ivory-billed Aracari	0.0015	0.0	0.0384615	0.0	0.0	1.0	0.0434783	0.125	0.0	0.0	0.0	0.1111111	0.0	0.0	0.0015	0.5	0.0	0.0	0.0	0.0	0.0	0.0	0.0	0.0	0.0	0.0	0.0909091	0.0	0.0	0.0	0.5	0.0	0.0	0.0	0.1111111	0.0	0.0	0.0	0.0	0.0	0.1	0.0	0.0	0.0	0.0	0.0	0.0	0.0	
White-throated Toucan	0.0015	0.16	0.0384615	0.0526316	0.0833333	0.0	0.0	0.0	0.0	0.0	0.0	0.0	0.0	0.0	0.047619	0.0	0.0	0.0	0.0	0.0	0.0	0.0	0.0	0.0	0.0	0.0	0.0	0.0	0.0	0.0	0.0	0.1428571	0.0	0.0	0.2222222	0.0	0.0	0.0	0.0	0.0	0.0	0.0015	0.0	0.0	0.1666667	0.0	0.0	0.0	
Channel-billed Toucan	0.2222222	0.08	0.0384615	0.1052632	0.1666667	0.0	0.0869565	0.375	0.6666667	0.1666667	0.2727273	0.2222222	0.0	0.0	0.047619	0.0	0.0	0.0	0.0	0.0	0.0	0.0	0.0	0.0	0.0	0.0	0.0909091	0.0015	0.0015	0.0	0.5	0.1428571	0.3333333	0.0	0.3333333	1.0	0.0	0.0	0.0	0.0	0.3	0.037037	0.0	1.0	0.0	0.0	0.5	0.0	
Lafresnaye's Piculet	0.0015	0.04	0.0	0.1052632	0.0833333	0.0	0.2173913	0.125	0.3333333	0.1666667	0.0	0.3333333	0.0	0.0	0.047619	0.0	0.0	0.0	0.0	0.0	0.0	0.0	0.0	1.0	0.0	0.0	0.0	0.2	0.0	0.0015	0.0015	0.1428571	0.3333333	0.0	0.0	0.0015	0.0	0.0	0.0	0.0	0.0	0.0	0.0	0.0	0.0	0.0	0.0	0.0015	
Yellow-tufted Woodpecker	0.2222222	0.04	0.0	0.1578947	0.0	1.0	0.173913	0.5	0.3333333	0.3333333	0.2727273	0.4444444	1.0	0.0	0.1904762	0.5	0.0	0.0	0.0	0.0	0.0	0.0	0.0	0.0	0.0	0.0	0.0	0.2	0.0	0.0	0.0	0.1428571	0.3333333	0.0	0.0015	0.0	1.0	0.0	0.0	0.2	0.1	0.1111111	0.4	0.0	0.0	0.0	0.0	0.0	
Smoky-brown Woodpecker	0.0	0.0	0.0	0.0	0.0	0.0	0.0	0.0	0.0	0.0	0.0	0.0	0.0	0.0	0.0	0.0	0.0	0.0	0.0	0.0	0.0	0.0	0.0	0.0	0.0	0.0	0.0	0.0	0.0	0.0	0.0	0.0015	0.0	0.0	0.0	0.0	0.0	0.0	0.0	0.0	0.0	0.0	0.0	0.0	0.0	0.0	0.0	0.0	
Little Woodpecker	0.2222222	0.0	0.0384615	0.0015	0.0833333	0.0	0.0	0.375	0.3333333	0.0	0.0	0.0	0.0	0.0	0.047619	0.0	0.0	0.0	0.0	0.0	0.0	0.0	0.0	0.0	0.0	0.0	0.0	0.2	0.0015	0.0	0.0	0.0	0.0	0.0	0.0	0.0	1.0	0.0	0.0	0.0	0.1	0.0015	0.0	0.0	0.0	0.0	0.25	0.0	
Red-stained Woodpecker	0.0	0.0	0.0	0.1052632	0.1666667	0.0	0.0434783	0.0	0.0	0.0	0.0	0.1111111	0.0	0.0	0.0015	0.0	0.0	0.0	0.0	0.0	0.0	0.0	0.0	0.0	0.0	0.0	0.0	0.2	0.0	0.5	0.0	0.0	0.0015	0.0	0.1111111	0.0015	0.0	0.0	0.0	0.0	0.1	0.037037	0.0	0.0	0.0015	0.0	0.0	0.0	
Crimson-crested Woodpecker	0.0	0.0	0.0769231	0.0526316	0.0833333	1.0	0.0	0.125	0.0	0.0	0.0	0.1111111	0.0	0.0	0.047619	0.5	0.0	0.0	0.0	0.0	0.0	0.0	0.0	0.0	0.0	0.0	0.0	0.0	0.0015	0.0	0.0	0.0	0.3333333	0.0	0.2222222	0.0	0.0	0.0	0.0	0.1	0.2	0.037037	0.2	1.0	0.1666667	0.0	0.0	0.0	
Lineated Woodpecker	0.1111111	0.0	0.0769231	0.0526316	0.0833333	0.0	0.0434783	0.5	0.0	0.3333333	0.2727273	0.3333333	0.0	0.0	0.1428571	0.0	0.0	0.0	0.0	0.0	0.0	0.0	0.0	0.0	0.0	0.0	0.0909091	0.0	0.0015	0.0	0.5	0.4285714	0.6666667	0.0	0.2222222	1.0	0.0	0.0	0.0	0.2	0.2	0.0740741	0.2	1.0	0.0	0.0	0.25	0.0015	
White-throated Woodpecker	0.0015	0.0	0.0384615	0.0	0.0	1.0	0.0	0.125	0.0	0.0	0.0	0.2222222	0.0	0.0	0.0015	0.0	0.0	0.0	0.0	0.0	0.0	0.0	0.0	0.0	0.0	0.0	0.0	0.0	0.0	0.0015	0.0	0.0	0.0015	0.0	0.1111111	0.0	0.0	0.0	0.0	0.0	0.0	0.0	0.0	0.0	0.0015	0.0	0.0	0.0015	
Golden-olive Woodpecker	0.0	0.0	0.0	0.0	0.0	0.0	0.0434783	0.0	0.0	0.1666667	0.0909091	0.0	0.0	0.0	0.0	0.0	0.0	0.0	0.0	0.0	0.0	0.0	0.0	0.0	0.0	0.0	0.0	0.0	0.0015	0.0	0.0	0.0	0.0	0.0	0.0	0.0	0.0	0.0	0.0	0.0	0.0	0.0	0.0015	0.0	0.0	0.0	0.0	0.0	
Crimson-mantled Woodpecker	0.0	0.0	0.0	0.0	0.0	0.0	0.0	0.0	0.0	0.0	0.0	0.0	0.0	0.0	0.0	0.0	0.0	0.0	0.0	0.0	0.0	0.0	0.0	0.0	0.0	0.0	0.0	0.0	0.0	0.0	0.0	0.1428571	0.0	0.0	0.0	0.0	0.0	0.0	0.0	0.0	0.0	0.0	0.2	0.0	0.0	0.0	0.0	0.0	
Laughing Falcon	0.1111111	0.0	0.0384615	0.0	0.0833333	0.0	0.0869565	0.375	0.0	0.1666667	0.0	0.1111111	0.0	0.0	0.0	0.0	0.0	0.0	0.0	0.0	0.0	0.0	0.0	0.0	0.0	0.0	0.0	0.0	0.0	0.0	0.0	0.1428571	0.0	0.0	0.0	0.0	0.0	1.0	0.0	0.0	0.0	0.037037	0.0	0.0	0.0	0.0	0.0	0.0	
Black Caracara	0.2222222	0.12	0.0	0.1052632	0.25	1.0	0.1304348	0.0	0.3333333	0.1666667	0.2727273	0.1111111	0.0	0.25	0.2380952	0.0	0.0	0.0	0.0	0.0	0.0	0.0	1.0	0.0	0.0	0.0	0.0909091	0.2	0.0	0.0	0.0015	0.1428571	0.3333333	0.0	0.1111111	0.0015	0.0	0.0	0.0	0.2	0.1	0.037037	0.4	0.0	0.0	0.0	0.0	0.0015	
Bat Falcon	0.0	0.04	0.0	0.0	0.0	0.0	0.0	0.0	0.0	0.0	0.0	0.1111111	0.0	0.0	0.0	0.0	0.0	0.0	0.0	0.0	0.0	0.0	0.0	0.0	0.0	0.0	0.0	0.0	0.0015	0.0	0.0	0.0	0.0	0.0	0.0	0.0	0.0	0.0	0.0	0.0	0.0	0.037037	0.0	0.0	0.0	0.0	0.0	0.0	
Cobalt-winged Parakeet	0.0	0.0	0.0	0.0	0.0	1.0	0.0	0.125	0.3333333	0.0	0.0	0.3333333	0.0	0.0	0.0	0.0	0.0	0.0	0.0	0.0	0.0	0.0	0.0	0.0	0.0	0.0	0.0	0.0	0.0	0.5	0.0	0.0	0.3333333	0.0	0.1111111	0.0	0.0	0.0	0.0	0.0	0.0	0.037037	0.2	0.0	0.0	0.0	0.0	0.0	
Red-billed Parrot	0.0	0.0	0.0	0.0	0.0	0.0	0.0	0.0	0.0	0.0	0.0	0.0	0.0	0.0	0.0	0.0	0.0	0.0	0.0	0.0	0.0	0.0	0.0	0.0	0.0	0.0	0.0909091	0.0	0.0	0.0	0.0	0.1428571	0.0	0.0	0.0	0.0	0.0	0.0	0.0	0.0	0.0	0.0	0.0	0.0	0.1666667	0.0	0.0	0.0	
Blue-headed Parrot	0.8888889	0.28	0.2307692	0.1052632	0.3333333	1.0	0.1304348	0.625	0.6666667	0.1666667	0.2727273	0.5555556	0.0	0.0	0.1904762	0.0015	0.0	0.0	0.0	0.0	0.0	0.0	0.0	0.0	0.0	0.0	0.0909091	0.4	0.0	0.5	1.0	0.2857143	0.6666667	0.0	0.4444444	1.0	1.0	0.0	0.0	0.4	0.7	0.6296296	0.6	1.0	0.6666667	0.0	0.25	0.0	
Dusky-headed Parakeet	0.0	0.0	0.0	0.0	0.0	0.0	0.0	0.0	0.0	0.0	0.0	0.0	0.0	0.0	0.0	0.0	0.0	0.0	0.0	0.0	0.0	0.0	0.0	0.0	0.0	0.0	0.0	0.0	0.0015	0.0	0.0	0.0	0.0	0.0	0.0	0.0	0.0	0.0	0.0	0.0	0.0	0.0	0.0	0.0	0.0	0.0	0.0	0.0	
White-eyed Parakeet	0.2222222	0.12	0.2307692	0.0526316	0.1666667	1.0	0.0434783	0.375	0.0	0.0	0.1818182	0.3333333	0.0	0.0	0.0015	0.5	0.0	0.0	0.0	0.0	0.0	0.0	0.0	0.0	0.0	0.0	0.0	0.0	0.0015	0.0	0.5	0.1428571	0.6666667	0.1818182	0.3333333	0.0	0.0	0.0	0.0	0.2	0.2	0.037037	0.2	1.0	0.3333333	0.0	0.25	0.0	
Fasciated Antshrike	0.0	0.04	0.0769231	0.0526316	0.0833333	0.0	0.0	0.125	0.3333333	0.0	0.0909091	0.3333333	0.0	0.0	0.0015	0.0015	0.0	0.0	0.0	0.0	0.0	0.0	0.0	0.0	0.0	0.0	0.0909091	0.0	0.0	0.0	0.0	0.0	0.3333333	0.0	0.1111111	0.0	0.0	0.0	0.0	0.1	0.0	0.0	0.0	1.0	0.0	0.0	0.0	0.0015	
Great Antshrike	0.0	0.0	0.0	0.0	0.0	0.0	0.0	0.0	0.0	0.0	0.0	0.2222222	0.0	0.0	0.0	0.0	0.0	0.0	0.0	0.0	0.0	0.0	0.0	0.0	0.0	0.0	0.0	0.0	0.0015	0.0	0.5	0.1428571	0.0	0.0	0.3333333	0.0	0.0	0.0	0.0	0.1	0.0	0.0	0.0	1.0	0.0	0.0	0.0	0.0	
Lined Antshrike	0.0015	0.0	0.0384615	0.0526316	0.1666667	0.0	0.0869565	0.25	0.3333333	0.5	0.0	0.1111111	0.0	0.0	0.1428571	0.0	0.0	0.0	0.0	0.0	0.0	0.0	0.0	0.0	0.0	0.0	0.0	0.0	0.0015	0.5	0.0	0.1428571	0.6666667	0.0909091	0.2222222	0.0	0.0	0.0015	0.0	0.0	0.0	0.0	0.4	1.0	0.1666667	0.0	0.0	0.0015	
Plain-winged Antshrike	0.0	0.04	0.0769231	0.0526316	0.0	0.0	0.0434783	0.125	0.3333333	0.0	0.0	0.3333333	0.0	0.25	0.0	0.0015	0.0	0.0	0.0	0.0	0.0	0.0	0.0	0.0	0.0	0.0	0.0909091	0.0	0.0015	0.0015	0.0	0.0	0.3333333	0.0	0.2222222	0.0	0.0	0.0	0.0	0.0	0.0	0.0	0.0	0.0	0.0	0.0	0.0	0.0	
Plain Antvireo	0.0	0.0	0.0384615	0.0	0.0	0.0	0.0	0.0	0.0	0.0	0.1818182	0.1111111	0.0	0.0	0.0015	0.0	0.0	0.0	0.0	1.0	0.0	0.0	0.0	0.0	0.0	0.0	0.0	0.0	0.0	0.0	0.0	0.0015	0.6666667	0.0	0.1111111	0.0	0.0	0.0	0.0	0.2	0.0	0.0	0.0	0.0	0.0	0.0	0.0	0.0	
Cinereous Antshrike	0.0	0.0	0.0	0.0	0.0	0.0	0.0	0.0	0.0	0.0	0.0	0.0	0.0	0.0	0.0	0.0	0.0	0.0	0.0	0.0	0.0	0.0	0.0	0.0	0.0	0.0	0.0	0.2	0.0	0.0	0.0	0.0	0.0	0.0	0.0	0.0	0.0	0.0	0.0	0.0	0.0	0.0	0.0	0.0	0.0	0.0	0.0	0.0	
Ornate Stipplethroat	0.0	0.0	0.0384615	0.0	0.0	0.0	0.0	0.125	0.3333333	0.1666667	0.0	0.0	0.0	0.0	0.0	0.0	0.0	0.0	0.0	0.0	0.0	0.0	0.0	0.0	0.0	0.0	0.0	0.0	0.0015	0.0	0.0	0.0	0.0	0.0	0.1111111	0.0	0.0	0.0	0.0	0.0	0.0	0.0	0.0	0.0	0.0	0.0	0.0	0.0	
Pygmy Antwren	0.0	0.0	0.0	0.0	0.0833333	0.0	0.0	0.125	0.3333333	0.0	0.0	0.0	0.0	0.0	0.0	0.0	0.0	0.0	0.0	0.0	0.0	0.0	0.0	0.0	0.0	0.0	0.0909091	0.2	0.0	0.0	0.0	0.0	0.6666667	0.0	0.0015	0.0	0.0	0.0	0.0	0.0	0.0	0.0	0.0	0.0	0.0	0.0	0.0	0.0	
Stripe-chested Antwren	0.0	0.0	0.0	0.0	0.0833333	0.0	0.0	0.0	0.0	0.0	0.0909091	0.0	0.0	0.0	0.0	0.0	0.0	0.0	0.0	0.0	0.0	0.0	0.0	0.0	0.0	0.0	0.0	0.0	0.0015	0.0	0.0	0.1428571	0.0	0.0	0.0	0.0	0.0	0.0	0.0	0.0	0.0	0.0	0.0	0.0	0.0	0.0	0.0	0.0	
White-flanked Antwren	0.0	0.0	0.0384615	0.0526316	0.25	1.0	0.0869565	0.0	0.3333333	0.3333333	0.0	0.1111111	0.0	0.0	0.0	0.0	0.0	0.0	0.0	0.0	0.0	0.0	0.0	0.0	0.0	0.0	0.0909091	0.2	0.0	0.0015	0.0	0.0	0.0	0.0	0.0	0.0	0.0	0.0	0.0	0.0	0.0	0.0	0.0015	1.0	0.0	0.0	0.0	0.0	
Rusty-winged Antwren	0.0015	0.0	0.1153846	0.0526316	0.0	0.0	0.0869565	0.25	0.3333333	0.0	0.0909091	0.2222222	0.0	0.0	0.0	0.0	0.0	0.0	0.0	0.0	0.0	0.0	0.0	0.0	0.0	0.0	0.0	0.2	0.0015	0.0	0.0	0.0	0.6666667	0.0	0.3333333	0.0	0.0	0.0	0.0	0.0	0.1	0.0	0.0	1.0	0.1666667	0.0	0.0	0.0	
Peruvian Warbling-Antbird	0.1111111	0.16	0.1538462	0.1578947	0.25	0.0	0.0869565	0.25	0.0	0.0	0.2727273	0.5555556	0.0	0.0	0.1428571	0.5	0.0	0.0	0.0	0.0	0.0	0.0	0.0	1.0	0.0	0.0	0.1818182	0.0	0.0015	0.5	0.5	0.0	0.6666667	0.2727273	0.2222222	0.0	0.0	0.0	0.0	0.1	0.0	0.0	0.2	1.0	0.0	0.0	0.0	0.0015	
Black Antbird	0.0015	0.08	0.0	0.1052632	0.0	0.0	0.0434783	0.125	0.3333333	0.0	0.0	0.1111111	0.0	0.25	0.047619	0.0	0.0	0.0	0.0	0.0	0.0	0.0	1.0	0.0	0.0	0.0	0.0	0.0	0.0	0.0	0.0	0.0	0.3333333	0.0	0.3333333	0.0	0.0	0.0	0.0	0.0	0.0	0.0	0.0	1.0	0.3333333	0.0	0.0	0.0	
Blackish Antbird	0.1111111	0.0	0.0	0.0	0.0	1.0	0.0	0.0	0.0	0.0	0.0	0.0	0.0	0.0	0.047619	0.0	0.0	0.0	0.0	0.0	0.0	0.0	0.0	1.0	0.0	0.0	0.0909091	0.0	0.0	0.0	0.0	0.0015	0.0	0.0	0.0	0.0	0.0	0.0	0.0	0.0	0.0	0.0	0.0	0.0	0.1666667	0.0	0.0	0.0	
Gray Antbird	0.0	0.0	0.0	0.0	0.0	0.0	0.0	0.0	0.0	0.0	0.0	0.0	0.0	0.0	0.0015	0.0	0.0	0.0	0.0	0.0	0.0	0.0	0.0	0.0	0.0	0.0	0.0	0.0	0.0	0.0015	0.0	0.0	0.0	0.0	0.0	0.0	0.0	0.0	0.0	0.0	0.0	0.0	0.0	1.0	0.0	0.0	0.0	0.0	
White-browed Antbird	0.0015	0.0	0.1153846	0.2631579	0.1666667	0.0	0.0434783	0.0	0.0	0.0	0.1818182	0.4444444	0.0	0.0	0.047619	0.0	0.0	0.0	0.0	0.0	0.0	0.0	0.0	1.0	0.0	0.0	0.0	0.0	0.0015	0.0	0.5	0.0	0.0	0.0	0.4444444	0.0	0.0	0.0015	0.0	0.1	0.1	0.0	0.2	1.0	0.1666667	0.0	0.0	0.0	
Black-faced Antbird	0.0	0.0	0.0	0.0526316	0.0833333	0.0	0.0	0.125	0.3333333	0.0	0.0909091	0.2222222	0.0	0.0	0.0	0.0015	0.0	0.0	0.0	0.0	0.0	0.0	0.0	0.0	0.0	0.0	0.0	0.0	0.0	0.0015	0.0	0.0	0.3333333	0.0	0.2222222	0.0	0.0	0.0	0.0	0.1	0.0	0.0	0.0015	0.0	0.0	0.0	0.0	0.0	
Zimmer's Antbird	0.0	0.0	0.0384615	0.0526316	0.0833333	0.0	0.0869565	0.25	0.3333333	0.1666667	0.0909091	0.1111111	0.0	0.25	0.047619	0.0015	0.0	0.0	0.0	1.0	0.0	0.0	0.0	0.0	0.0	0.0	0.0	0.0	0.0015	0.0	0.0	0.0	0.3333333	0.0	0.2222222	0.0	0.0	0.0	0.0	0.1	0.0	0.0	0.0	1.0	0.1666667	0.0	0.0	0.0015	
Hairy-crested Antbird	0.0	0.0	0.0384615	0.0	0.0	0.0	0.0434783	0.25	0.3333333	0.0	0.0	0.0	0.0	0.0	0.0	0.0	0.0	0.0	0.0	0.0	0.0	0.0	0.0	0.0	0.0	0.0	0.0	0.2	0.0015	0.0	0.0	0.0	0.3333333	0.0	0.0	0.0	0.0	0.0	0.0	0.0	0.0	0.0	0.0	0.0	0.0	0.0	0.0	0.0015	
Plain-backed Antpitta	0.0	0.0	0.0	0.0	0.0	0.0	0.0	0.0	0.0	0.0	0.0	0.0	0.0	0.0	0.0	0.0	0.0	0.0	0.0	0.0	0.0	0.0	0.0	0.0	0.0	0.0	0.0	0.0	0.0	0.0	0.0	0.1428571	0.6666667	0.0	0.0	0.0	0.0	0.0	0.0	0.1	0.0	0.0	0.0	0.0	0.0	0.0	0.0	0.0	
Thrush-like Antpitta	0.0015	0.04	0.0384615	0.0	0.0833333	0.0	0.0434783	0.375	0.3333333	0.0	0.0	0.4444444	0.0	0.25	0.047619	0.0	0.0	0.0	0.0	0.0	0.0	0.0	0.0	0.0	0.0	0.0	0.0	0.0	0.0015	0.5	0.0	0.0	0.0	0.0	0.3333333	0.0015	0.0	0.0	0.0	0.0	0.0	0.0	0.0	1.0	0.1666667	0.0	0.0	0.0	
Olivaceous Woodcreeper	0.0	0.12	0.1153846	0.0	0.0	0.0	0.0869565	0.125	0.6666667	0.0	0.1818182	0.2222222	0.0	0.25	0.0	0.0	0.0	0.0	0.0	0.0	0.0	0.0	0.0	1.0	0.0	0.0	0.0909091	0.2	0.0015	0.0	0.0	0.1428571	0.6666667	0.0909091	0.3333333	0.0	0.0	0.0	0.0	0.2	0.0	0.0	0.2	1.0	0.0	0.0	0.0	0.0	
Plain-brown Woodcreeper	0.0	0.0	0.0	0.0526316	0.0	0.0	0.0	0.0	0.0	0.0	0.0	0.2222222	0.0	0.0	0.0	0.0	0.0	0.0	0.0	0.0	0.0	0.0	0.0	0.0	0.0	0.0	0.0909091	0.2	0.0	0.0	0.0	0.0	0.0	0.0	0.0	0.0	0.0	0.0	0.0	0.0	0.0	0.0	0.0	0.0	0.0	0.0	0.0	0.0	
Wedge-billed Woodcreeper	0.0015	0.04	0.0769231	0.0526316	0.0833333	0.0	0.1304348	0.25	0.3333333	0.3333333	0.0909091	0.4444444	0.0	0.0	0.0952381	0.0	0.0	0.0	0.0	0.0	0.0	0.0	0.0	0.0	0.0	0.0	0.0909091	0.0	0.0	0.5	0.0015	0.2857143	0.3333333	0.0	0.5555556	0.0	0.0	0.0	0.0	0.0	0.0	0.0	0.2	0.0	0.1666667	0.0	0.0	0.0	
Strong-billed Woodcreeper	0.0	0.0	0.0	0.0	0.0	0.0	0.0	0.0	0.0	0.0	0.0	0.0	0.0	0.0	0.0015	0.0	0.0	0.0	0.0	0.0	0.0	0.0	0.0	0.0	0.0	0.0	0.0	0.2	0.0015	0.0	0.0	0.0	0.0	0.0	0.0	0.0	0.0	0.0	0.0	0.0	0.0	0.0	0.0	0.0	0.1666667	0.0	0.0	0.0	
Ocellated Woodcreeper	0.0015	0.0	0.0	0.0	0.0	0.0	0.0434783	0.0	0.0	0.0	0.0909091	0.2222222	0.0	0.25	0.0	0.0	0.0	0.0	0.0	0.0	0.0	0.0	0.0	0.0	0.0	0.0	0.0	0.2	0.0	0.0015	0.0	0.1428571	0.3333333	0.0	0.0	0.0	0.0	0.0	0.0	0.0	0.0	0.0	0.0	0.0	0.0	0.0	0.0	0.0	
Buff-throated Woodcreeper	0.0	0.0	0.0	0.0	0.0	0.0	0.0	0.0	0.0	0.0	0.0	0.1111111	0.0	0.0	0.0	0.0	0.0	0.0	0.0	0.0	0.0	0.0	0.0	0.0	0.0	0.0	0.0909091	0.0	0.0	0.0	0.0	0.0	0.3333333	0.0	0.1111111	0.0	0.0	0.0	0.0	0.0	0.0	0.0	0.0	0.0	0.0	0.0	0.0	0.0	
Olive-backed Woodcreeper	0.0	0.0	0.0	0.0	0.0	0.0	0.0	0.0	0.0	0.0	0.0	0.0	0.0	0.0	0.0	0.0	0.0	0.0	0.0	1.0	0.0	0.0	0.0	0.0	0.0	0.0	0.0	0.0	0.0015	0.0	0.0	0.0	0.0	0.0	0.0	0.0	0.0	0.0	0.0	0.1	0.0	0.0	0.0	0.0	0.1666667	0.0	0.0	0.0	
Brown-billed Scythebill	0.0	0.0	0.0	0.0	0.0	0.0	0.0	0.0	0.0	0.0	0.0	0.0	0.0	0.0	0.0	0.0	0.0	0.0	0.0	0.0	0.0	0.0	0.0	0.0	0.0	0.0	0.0	0.0	0.0	0.0	0.0	0.1428571	0.0	0.0	0.0	0.0	0.0	0.0	0.0	0.0	0.0	0.0	0.0	0.0	0.0	0.0	0.0	0.0	
Duida Woodcreeper	0.0	0.04	0.0384615	0.0	0.0833333	0.0	0.0	0.0	0.3333333	0.0	0.0909091	0.2222222	0.0	0.0	0.0	0.0	0.0	0.0	0.0	0.0	0.0	0.0	0.0	0.0	0.0	0.0	0.0909091	0.0	0.0	0.0015	0.5	0.0	0.0	0.0909091	0.0015	0.0	1.0	0.0	0.0	0.0	0.0	0.0	0.0	1.0	0.0	0.0	0.25	0.0	
Streaked Xenops	0.1111111	0.08	0.0	0.0	0.0	0.0	0.0434783	0.0	0.0	0.1666667	0.0909091	0.1111111	0.0	0.0	0.0	0.0	0.0	0.0	0.0	0.0	0.0	0.0	0.0	0.0	0.0	0.0	0.0909091	0.0	0.0015	0.5	0.0	0.0	0.3333333	0.0	0.1111111	0.0	0.0	0.0	0.0	0.2	0.0	0.037037	0.0	0.0	0.0	0.0	0.0	0.0	
Dusky-cheeked Foliage-gleaner	0.0	0.0	0.0384615	0.0	0.0	0.0	0.0	0.125	0.0	0.0	0.0909091	0.0	0.0	0.0	0.0015	0.0	0.0	0.0	0.0	0.0	0.0	0.0	0.0	0.0	0.0	0.0	0.0	0.0	0.0	0.0015	0.0	0.0	0.6666667	0.0909091	0.2222222	0.0	0.0	0.0	0.0	0.0	0.0	0.0	0.0	0.0	0.0	0.0	0.0	0.0015	
Rufous-tailed Foliage-gleaner	0.0	0.0	0.0384615	0.0526316	0.0833333	1.0	0.0	0.125	0.3333333	0.1666667	0.0	0.2222222	0.0	0.0	0.0015	0.0	0.0	0.0	0.0	0.0	0.0	0.0	0.0	0.0	0.0	0.0	0.0	0.2	0.0	0.0015	0.0	0.0	0.0	0.0	0.0	0.0	0.0	0.0	0.0	0.0	0.0	0.0	0.0	0.0	0.0	0.0	0.0	0.0	
Lineated Foliage-gleaner	0.0	0.0	0.0	0.0	0.0	0.0	0.0	0.0	0.0	0.0	0.0	0.0	0.0	0.0	0.0	0.0	0.0	0.0	0.0	0.0	0.0	0.0	0.0	0.0	0.0	0.0	0.0	0.0	0.0	0.0	0.0	0.0015	0.0	0.0	0.0	0.0	0.0	0.0	0.0	0.0	0.0	0.0	0.0	0.0	0.0	0.0	0.0	0.0	
Buff-fronted Foliage-gleaner	0.0	0.0	0.0	0.0	0.0	0.0	0.0	0.0	0.0	0.1666667	0.0	0.2222222	0.0	0.0	0.047619	0.0	0.0	0.0	0.0	0.0	0.0	0.0	0.0	0.0	0.0	0.0	0.0	0.0	0.0015	0.0	0.0	0.0	0.0	0.0	0.0	0.0	0.0	0.0	0.0	0.1	0.0	0.0	0.0	0.0	0.0	0.0	0.0	0.0	
Ochre-throated Foliage-gleaner	0.0	0.0	0.0	0.0526316	0.0	0.0	0.0	0.0	0.0	0.0	0.0	0.0	0.0	0.0	0.047619	0.0	0.0	0.0	0.0	1.0	0.0	0.0	0.0	0.0	0.0	0.0	0.0	0.0	0.0	0.0	0.0	0.1428571	0.0	0.0	0.1111111	0.0	0.0	0.0	0.0	0.0	0.0	0.0	0.0	0.0	0.0	0.0	0.0	0.0	
Speckled Spinetail	0.0	0.0	0.0	0.0526316	0.0	0.0	0.0434783	0.125	0.0	0.0	0.0	0.2222222	0.0	0.0	0.0	0.0	0.0	0.0	0.0	0.0	0.0	0.0	0.0	0.0	0.0	0.0	0.0	0.2	0.0	0.0015	0.0	0.0	0.3333333	0.0	0.0	0.0	0.0	0.0	0.0	0.0	0.0	0.0	0.0	0.0	0.0	0.0	0.0	0.0	
Dark-breasted Spinetail	0.1111111	0.16	0.0	0.0	0.0833333	0.0	0.0434783	0.0	0.6666667	0.0	0.1818182	0.2222222	0.0	0.0	0.047619	0.0015	0.0	0.0	0.0	0.0	0.0	0.0	0.0	0.0	0.0	0.0	0.0	0.0	0.0015	0.5	0.5	0.0015	0.6666667	0.0	0.5555556	0.0	0.0	0.0	0.0	0.3	0.0	0.0740741	0.4	1.0	0.0	0.0	0.0	0.0015	
White-bearded Manakin	0.0	0.0	0.0015	0.0	0.0	0.0	0.0	0.0	0.0	0.0	0.0	0.0	0.0	0.0	0.047619	0.0	0.0	0.0	0.0	0.0	0.0	0.0	0.0	0.0	0.0	0.0	0.0	0.0	0.0015	0.0	0.0	0.1428571	0.0	0.0909091	0.3333333	0.0	0.0	0.0	0.0	0.0	0.0	0.0	0.2	0.0	0.0	0.0	0.0	0.0	
Scarlet-breasted Fruiteater	0.0	0.0	0.0	0.0	0.0	0.0	0.0	0.0	0.0	0.1666667	0.0	0.1111111	0.0	0.0	0.0	0.0	0.0	0.0	0.0	0.0	0.0	0.0	0.0	0.0	0.0	0.0	0.0	0.0	0.0015	0.0	0.0	0.0	0.0	0.0	0.0	0.0	0.0	0.0	0.0	0.0	0.0	0.0	0.0	0.0	0.1666667	0.0	0.0	0.0	
Fiery-throated Fruiteater	0.0	0.0	0.0	0.0526316	0.0	0.0	0.0	0.125	0.0	0.1666667	0.0	0.0	0.0	0.0	0.0	0.0	0.0	0.0	0.0	0.0	0.0	0.0	0.0	0.0	0.0	0.0	0.0	0.2	0.0	0.0015	0.0	0.1428571	0.3333333	0.0909091	0.1111111	0.0	0.0	0.0	0.0	0.0	0.0	0.0	0.0	0.0	0.0	0.0	0.0	0.0015	
Andean Cock-of-the-rock	0.0	0.0	0.0769231	0.0	0.0	0.0	0.0015	0.0	0.0	0.0	0.0909091	0.0	0.0	0.0	0.0	0.0	0.0	0.0	0.0	1.0	0.0	0.0	0.0	0.0	0.0	0.0	0.0909091	0.0	0.0	0.0	0.0	0.0	0.0	0.0	0.1111111	0.0	0.0	0.0	0.0	0.0	0.0	0.0	0.0	0.0	0.1666667	0.0	0.0	0.0	
Gray-tailed Piha	0.0	0.0	0.0769231	0.0	0.0	0.0	0.0	0.125	0.0	0.0	0.0	0.0	0.0	0.0	0.0	0.0	0.0	0.0	0.0	0.0	0.0	0.0	0.0	0.0	0.0	0.0	0.0	0.0	0.0	0.0015	0.0	0.0015	0.3333333	0.0	0.1111111	0.0	0.0	0.0	0.0	0.0	0.0	0.037037	0.0	0.0	0.0015	0.0	0.0	0.0015	
Spangled Cotinga	0.0	0.0	0.0	0.0	0.0833333	1.0	0.0	0.125	0.0	0.0	0.0909091	0.2222222	0.0	0.0	0.0	0.0	0.0	0.0	0.0	0.0	0.0	0.0	0.0	0.0	0.0	0.0	0.0909091	0.0	0.0015	0.0	0.0	0.0	0.0	0.0	0.0	0.0	0.0	0.0	0.0	0.0	0.1	0.037037	0.0	0.0	0.0	0.0	0.0	0.0015	
Black-crowned Tityra	0.0015	0.0	0.0	0.1578947	0.0833333	0.0	0.0	0.0	0.0	0.0	0.0909091	0.0	0.0	0.0	0.0015	0.0	0.0	0.0	0.0	0.0	0.0	0.0	0.0	0.0	0.0	0.0	0.0	0.0	0.0015	0.0	0.0	0.1428571	0.3333333	0.0	0.1111111	0.0	0.0	0.0	1.0	0.0	0.2	0.037037	0.2	0.0	0.0	0.0	0.0	0.0	
Masked Tityra	0.0015	0.0	0.1538462	0.1052632	0.0	0.0	0.0434783	0.125	0.0	0.1666667	0.0	0.1111111	0.0	0.0	0.0	0.0	0.0	0.0	0.0	0.0	0.0	0.0	0.0	0.0	0.0	0.0	0.0	0.2	0.0015	0.5	0.0	0.1428571	0.6666667	0.0	0.1111111	0.0	1.0	0.0	0.0	0.0	0.1	0.0015	0.2	1.0	0.1666667	0.0	0.0	0.0	
Foothill Schiffornis	0.0	0.0	0.0	0.0	0.0	0.0	0.0	0.25	0.3333333	0.0	0.0	0.0	0.0	0.0	0.0	0.0	0.0	0.0	0.0	0.0	0.0	0.0	0.0	0.0	0.0	0.0	0.0	0.2	0.0	0.0	0.0	0.0	0.0	0.0	0.1111111	0.0	0.0	0.0	0.0	0.1	0.0	0.0	0.0	0.0	0.1666667	0.0	0.0	0.0	
Chestnut-crowned Becard	0.2222222	0.0	0.0015	0.1052632	0.0015	1.0	0.1304348	0.0	0.0	0.0	0.0909091	0.1111111	0.0	0.25	0.047619	0.0	0.0	0.0	0.0	0.0	0.0	0.0	0.0	0.0	0.0	0.0	0.0	0.0	0.0015	0.0	0.0	0.0	0.0	0.0	0.1111111	0.0	0.0	0.0	0.0	0.0	0.0	0.037037	0.0	0.0	0.0	0.0	0.0	0.0015	
White-winged Becard	0.0	0.08	0.0769231	0.0	0.0833333	0.0	0.0869565	0.0	0.0	0.0	0.0909091	0.1111111	0.0	0.0	0.0	0.0	0.0	0.0	0.0	0.0	0.0	0.0	0.0	0.0	0.0	0.0	0.0	0.0	0.0	0.0	0.5	0.0	0.0	0.1818182	0.2222222	0.0	0.0	0.0	0.0	0.0	0.1	0.0	0.0	0.0	0.0	0.0	0.0	0.0	
Black-and-white/Cryptic Becard	0.1111111	0.0	0.0	0.0	0.0	0.0	0.0	0.0	0.0	0.0	0.0909091	0.0	0.0	0.0	0.0	0.0	0.0	0.0	0.0	0.0	0.0	0.0	0.0	0.0	0.0	0.0	0.0	0.0	0.0	0.0	0.0	0.0015	0.0	0.0	0.0	0.0015	0.0	0.0	0.0	0.0	0.0	0.0	0.0	0.0	0.0	0.0	0.0	0.0	
becard sp.	0.0	0.0	0.0	0.0	0.0	0.0	0.0	0.0	0.0	0.0	0.0	0.0	0.0	0.0	0.0	0.0	0.0	0.0	0.0	0.0	0.0	0.0	0.0	0.0	0.0	0.0	0.0	0.2	0.0	0.0	0.0	0.0	0.0	0.0	0.0	0.0	0.0	0.0	0.0	0.0	0.0	0.0	0.0	0.0	0.0	0.0	0.0	0.0	
Ruddy-tailed Flycatcher	0.0	0.0	0.0769231	0.0	0.0	0.0	0.0	0.0	0.3333333	0.1666667	0.0	0.0	0.0	0.0	0.0	0.0	0.0	0.0	0.0	0.0	0.0	0.0	0.0	0.0	0.0	0.0	0.0	0.0	0.0	0.0015	0.0	0.0	0.0	0.0	0.0	0.0	0.0	0.0	0.0	0.0	0.0	0.0	0.0	0.0	0.0	0.0	0.0	0.0	
Wing-barred Piprites	0.0	0.0	0.0	0.0	0.0	0.0	0.0	0.125	0.3333333	0.0	0.0909091	0.3333333	0.0	0.0	0.0	0.0	0.0	0.0	0.0	0.0	0.0	0.0	0.0	0.0	0.0	0.0	0.0	0.2	0.0	0.0	0.0	0.0	0.6666667	0.0	0.0015	0.0	0.0	0.0	0.0	0.0	0.0	0.0	0.0	0.0	0.0015	0.0	0.0	0.0015	
White-throated Spadebill	0.0	0.0	0.0	0.0	0.0	0.0	0.0	0.0	0.0	0.0	0.0	0.0	0.0	0.0	0.047619	0.0	0.0	0.0	0.0	0.0	0.0	0.0	0.0	0.0	0.0	0.0	0.0	0.0	0.0	0.0	0.0	0.0015	0.0	0.0	0.1111111	0.0	0.0	0.0	0.0	0.1	0.0	0.0	0.0	0.0	0.0	0.0	0.0	0.0	
Olive-striped Flycatcher	0.0	0.04	0.0384615	0.0526316	0.0833333	0.0	0.0434783	0.125	0.0	0.1666667	0.0909091	0.0	0.0	0.0	0.047619	0.0	0.0	0.0	0.0	0.0	0.0	0.0	0.0	0.0	0.0	0.0	0.0909091	0.0	0.0	0.0	0.5	0.0	0.3333333	0.0	0.1111111	0.0	0.0	0.0	0.0	0.1	0.0	0.037037	0.0	0.0	0.1666667	0.0	0.0	0.0	
Slaty-capped Flycatcher	0.0	0.0	0.0	0.0526316	0.0833333	0.0	0.0	0.0	0.3333333	0.0	0.0	0.3333333	0.0	0.0	0.047619	0.0	0.0	0.0	0.0	1.0	0.0	0.0	0.0	0.0	0.0	0.0	0.0909091	0.2	0.0015	0.0	0.0	0.0	0.3333333	0.0909091	0.0	0.0	0.0	0.0	0.0	0.1	0.0	0.0	0.0	1.0	0.1666667	0.0	0.0	0.0	
Spectacled Bristle-Tyrant	0.0	0.0	0.0	0.0	0.0	0.0	0.0	0.0	0.0	0.0	0.0	0.0	0.0	0.0	0.0	0.0	0.0	0.0	0.0	0.0	0.0	0.0	0.0	0.0	0.0	0.0	0.0	0.2	0.0	0.0	0.0	0.0	0.0	0.0	0.0	0.0	0.0	0.0	0.0	0.0	0.0	0.0	0.0	0.0	0.0	0.0	0.0	0.0	
Ecuadorian Tyrannulet	0.1111111	0.0	0.1153846	0.1052632	0.1666667	1.0	0.0434783	0.125	0.3333333	0.0	0.0	0.4444444	0.0	0.0	0.047619	0.0015	0.0	1.0	0.0	1.0	0.0	0.0	0.0	0.0	0.0	0.0	0.0	0.0	0.0015	0.0	0.0	0.0	0.6666667	0.0	0.3333333	0.0	0.0	0.0	0.0	0.0	0.0	0.0	0.0	0.0	0.0	0.0	0.0	0.0	
White-bellied Pygmy-Tyrant	0.0	0.0	0.0384615	0.0526316	0.0	0.0	0.0434783	0.0	0.0	0.0	0.0	0.0	0.0	0.0	0.0	0.0015	0.0	0.0	0.0	0.0	0.0	0.0	0.0	0.0	0.0	0.0	0.0909091	0.0	0.0	0.0015	0.0	0.0	0.3333333	0.0	0.1111111	0.0	0.0	0.0	0.0	0.0	0.0	0.037037	0.0	1.0	0.0	0.0	0.0	0.0	
Scale-crested Pygmy-Tyrant	0.0	0.0	0.0	0.0	0.0	0.0	0.0	0.0	0.0	0.0	0.0	0.0	0.0	0.0	0.0	0.0	0.0	0.0	0.0	0.0	0.0	0.0	0.0	0.0	0.0	0.0	0.0	0.0	0.0	0.0015	0.0	0.0015	0.0	0.0	0.0	0.0	0.0	0.0	0.0	0.0	0.0	0.0	0.0	0.0	0.0	0.0	0.0	0.0	
Black-and-white Tody-Flycatcher	0.0	0.0	0.0769231	0.1052632	0.25	1.0	0.0	0.25	0.3333333	0.0	0.0909091	0.2222222	0.0	0.0	0.0015	0.0015	0.0	0.0	0.0	0.0	0.0	0.0	0.0	0.0	0.0	0.0	0.0	0.0	0.0015	0.0	0.0	0.0015	0.6666667	0.0909091	0.2222222	0.0	0.0	0.0	0.0	0.2	0.0	0.0	0.0	1.0	0.0015	0.0	0.0	0.0	
Golden-winged Tody-Flycatcher	0.1111111	0.0	0.0384615	0.1052632	0.25	1.0	0.0434783	0.125	0.3333333	0.0	0.0909091	0.2222222	0.0	0.0	0.0015	0.5	0.0	0.0	0.0	0.0	0.0	0.0	1.0	0.0	0.0	0.0	0.0	0.0	0.0015	0.0015	0.0	0.0	0.6666667	0.0	0.2222222	0.0	0.0	0.0	1.0	0.1	0.0	0.0	0.0	0.0	0.0015	0.0	0.0	0.0	
Common Tody-Flycatcher	0.1111111	0.12	0.1153846	0.0	0.1666667	0.0	0.1304348	0.5	0.3333333	0.3333333	0.0	0.2222222	0.0	0.0	0.047619	0.0	0.0	0.0	0.0	0.0	0.0	0.0	0.0	0.0	0.0	0.0	0.0	0.0015	0.0015	0.5	0.0	0.1428571	0.3333333	0.0	0.1111111	0.0	1.0	0.0	0.0	0.0	0.2	0.037037	0.2	0.0	0.1666667	0.0	0.5	0.0	
Yellow-olive Flatbill	0.0	0.0	0.0	0.0	0.0	0.0	0.0869565	0.0	0.0	0.0	0.0	0.0	0.0	0.0	0.0015	0.0015	0.0	0.0	0.0	0.0	0.0	0.0	0.0	0.0	0.0	0.0	0.0909091	0.0	0.0	0.0	0.0	0.0	0.6666667	0.0	0.1111111	0.0	0.0	0.0	0.0	0.0	0.0	0.0	0.2	0.0	0.0	0.0	0.0	0.0015	
Ornate Flycatcher	0.1111111	0.12	0.0769231	0.0526316	0.0833333	1.0	0.0	0.25	0.3333333	0.3333333	0.1818182	0.1111111	0.0	0.25	0.047619	0.0	0.0	0.0	0.0	1.0	0.0	0.0	1.0	0.0	0.0	0.0	0.0909091	0.2	0.0015	0.0015	0.0	0.1428571	0.6666667	0.0	0.2222222	0.0	0.0	0.0	0.0	0.1	0.0	0.0	0.0	1.0	0.1666667	0.0	0.0	0.0	
White-lored Tyrannulet	0.0	0.0	0.0769231	0.0	0.0	0.0	0.0434783	0.125	0.0	0.0	0.0909091	0.0	0.0	0.0	0.0	0.0	0.0	0.0	0.0	0.0	0.0	0.0	0.0	0.0	0.0	0.0	0.0	0.2	0.0015	0.0015	0.0	0.0	0.0	0.0	0.2222222	0.0	0.0	0.0	0.0	0.0	0.0	0.0	0.0	0.0	0.0	0.0	0.0	0.0	
Yellow-crowned Tyrannulet	0.1111111	0.04	0.0	0.0526316	0.0	0.0	0.0869565	0.0	0.0	0.0	0.0	0.1111111	0.0	0.0	0.0952381	0.5	0.0	0.0	0.0	0.0	0.0	0.0	0.0	0.0	0.0	0.0	0.0	0.0	0.0	0.5	0.0	0.0015	0.0	0.0909091	0.3333333	0.0	0.0	0.0	0.0	0.0	0.1	0.0	0.0	0.0	0.0	0.0	0.0	0.0	
Mottle-backed Elaenia	0.1111111	0.04	0.0	0.0526316	0.0	0.0	0.0434783	0.0	0.0	0.0	0.0	0.0	0.0	0.0	0.0015	0.0	0.0	0.0	0.0	0.0	0.0	0.0	0.0	0.0	0.0	0.0	0.0909091	0.0	0.0	0.0	0.0	0.0	0.0	0.0	0.0	0.0	0.0	0.0	0.0	0.1	0.0	0.0740741	0.0	0.0	0.1666667	0.0	0.0	0.0015	
Torrent Tyrannulet	0.1111111	0.0	0.0	0.0	0.0	0.0	0.0	0.0	0.0	0.0	0.0	0.1111111	0.0	0.0	0.0	0.0	0.0	0.0	0.0	0.0	0.0	0.0	0.0	0.0	0.0	0.0	0.0909091	0.0	0.0	0.0	0.0	0.1428571	0.3333333	0.0	0.0015	0.0	0.0	0.0	0.0	0.0	0.0	0.0	0.0	0.0	0.0	0.0	0.0	0.0	
Sooty-headed Tyrannulet	0.0	0.0	0.0384615	0.0526316	0.0833333	0.0	0.0434783	0.0	0.0	0.0	0.1818182	0.0	0.0	0.0	0.0015	0.0	0.0	0.0	0.0	0.0	0.0	0.0	0.0	0.0	0.0	0.0	0.0909091	0.0	0.0	0.0	0.0	0.0	0.3333333	0.0	0.0	0.0	0.0	0.0	0.0	0.0	0.0	0.0	0.0	0.0	0.0	0.0	0.0	0.0	
Golden-faced Tyrannulet	0.2222222	0.0	0.0769231	0.0	0.0833333	0.0	0.0	0.125	0.3333333	0.0	0.0	0.0	0.0	0.0	0.047619	0.0	0.0	1.0	0.0	1.0	0.0	0.0	0.0	0.0	0.0	0.0	0.0	0.0	0.0	0.0	0.0	0.0015	0.0	0.0	0.2222222	0.0	0.0	0.0	0.0	0.1	0.0	0.0740741	0.0	1.0	0.1666667	0.0	0.0	0.0	
Olive-chested Flycatcher	0.0	0.04	0.0	0.0	0.0	0.0	0.0	0.125	0.0	0.0	0.0	0.3333333	0.0	0.0	0.0015	0.0	0.0	0.0	0.0	0.0	0.0	0.0	0.0	0.0	0.0	0.0	0.0	0.0	0.0	0.0	0.5	0.0	0.0	0.0	0.2222222	0.0	0.0	0.0	0.0	0.1	0.0	0.0	0.0	0.0	0.0	0.0	0.0	0.0015	
Bran-colored Flycatcher	0.0	0.0	0.0	0.0	0.0	0.0	0.0	0.0	0.0	0.0	0.0	0.0	0.0	0.0	0.0	0.0	0.0	0.0	0.0	0.0	0.0	0.0	0.0	0.0	0.0	0.0	0.0	0.0	0.0	0.0	0.0	0.1428571	0.0	0.0	0.1111111	0.0	0.0	0.0	0.0	0.0	0.0	0.0	0.0	0.0	0.0	0.0	0.0	0.0	
Euler's Flycatcher	0.0	0.0	0.0384615	0.0	0.0	0.0	0.0	0.125	0.0	0.0	0.0	0.2222222	0.0	0.0	0.047619	0.0	0.0	0.0	0.0	0.0	0.0	0.0	0.0	0.0	0.0	0.0	0.0	0.0	0.0	0.0	0.0	0.0015	0.6666667	0.0	0.1111111	0.0	0.0	0.0	0.0	0.0	0.0	0.0	0.0	0.0	0.0	0.0	0.0	0.0015	
Blackish Pewee	0.0	0.0	0.0	0.0	0.0	0.0	0.0	0.0	0.0	0.0	0.0	0.0	0.0	0.0	0.0	0.0015	0.0	0.0	0.0	0.0	0.0	0.0	0.0	0.0	0.0	0.0	0.1818182	0.0	0.0	0.0015	0.0	0.0	0.0	0.0	0.0	0.0	0.0	0.0	0.0	0.0	0.0	0.0	0.0	0.0	0.0	0.0	0.0	0.0015	
Black Phoebe	0.1111111	0.08	0.1153846	0.2105263	0.0833333	0.0	0.173913	0.0	0.0	0.1666667	0.2727273	0.2222222	0.0	0.25	0.2380952	0.0	0.0	0.0	0.0	0.0	0.0	0.0	0.0	1.0	0.0	0.0	0.0909091	0.0015	0.0	0.0	0.5	0.1428571	0.6666667	0.2727273	0.0	0.0	0.0	0.0	0.0	0.0	0.1	0.1481481	0.0	1.0	0.1666667	0.0	0.0015	0.0	
Rufous-tailed Tyrant	0.0	0.0	0.0	0.0	0.0	0.0	0.0	0.0	0.0	0.0	0.0	0.0	0.0	0.0	0.0	0.0	0.0	0.0	0.0	0.0	0.0	0.0	0.0	0.0	0.0	0.0	0.0	0.0	0.0	0.0015	0.0	0.0	0.0	0.0	0.1111111	0.0	0.0	0.0	0.0	0.0	0.0	0.0	0.0	0.0	0.0	0.0	0.0	0.0	
Long-tailed Tyrant	0.2222222	0.2	0.1923077	0.1578947	0.1666667	1.0	0.1304348	0.5	0.3333333	0.3333333	0.1818182	0.5555556	0.0	0.0	0.2857143	0.5	0.0	0.0	0.0	0.0	0.0	0.0	0.0	0.0	0.0	0.0	0.1818182	0.2	0.0015	0.5	0.0	0.5714286	0.3333333	0.0	0.3333333	0.0015	1.0	0.0	0.0	0.0	0.4	0.0740741	0.2	0.0	0.0	0.0	0.0	0.0	
Bright-rumped Attila	0.0	0.04	0.0384615	0.0	0.0	0.0	0.0	0.125	0.0	0.0	0.0	0.0	0.0	0.0	0.0	0.0	0.0	0.0	0.0	0.0	0.0	0.0	0.0	0.0	0.0	0.0	0.0	0.0	0.0	0.0	0.5	0.0	0.0	0.0	0.3333333	0.0	0.0	0.0	0.0	0.0	0.0	0.0	0.0	0.0	0.0015	0.0	0.0	0.0	
Dusky-capped Flycatcher	0.1111111	0.0	0.0	0.0526316	0.0	0.0	0.1304348	0.0	0.3333333	0.1666667	0.0	0.1111111	0.0	0.0	0.047619	0.0	0.0	0.0	0.0	0.0	0.0	0.0	0.0	0.0	0.0	0.0	0.0	0.2	0.0	0.0015	0.0	0.2857143	0.3333333	0.0	0.2222222	0.0	0.0	0.0	0.0	0.0	0.0	0.037037	0.0	0.0	0.1666667	0.0	0.5	0.0	
Short-crested Flycatcher	0.0	0.04	0.1538462	0.0	0.0	0.0	0.0434783	0.0	0.0	0.0	0.0909091	0.2222222	0.0	0.0	0.1428571	0.0	0.0	0.0	0.0	0.0	0.0	0.0	0.0	0.0	0.0	0.0	0.0	0.0	0.0	0.0	0.0015	0.0015	0.0	0.3636364	0.0	0.0	0.0	0.0	1.0	0.1	0.0	0.0740741	0.2	0.0	0.0	0.0	0.0	0.0015	
Pale-edged Flycatcher	0.0	0.0	0.0	0.0	0.0	0.0	0.0	0.0	0.0	0.1666667	0.0	0.0	0.0	0.0	0.0	0.0	0.0	0.0	0.0	1.0	0.0	0.0	0.0	0.0	0.0	0.0	0.1818182	0.0	0.0	0.0	0.0	0.0	0.0	0.0	0.0	0.0	0.0	0.0	0.0	0.2	0.0	0.0	0.0	0.0	0.0	0.0	0.0	0.0	
Great Kiskadee	0.0015	0.12	0.0384615	0.0526316	0.0	0.0	0.0869565	0.0	0.0	0.0	0.0	0.0	0.0	0.0	0.0	0.0015	0.0	0.0	0.0	0.0	0.0	0.0	0.0	0.0	0.0	0.0	0.1818182	0.0	0.0	0.0	0.0	0.0	0.0	0.0909091	0.1111111	0.0	0.0	0.0	0.0	0.3	0.1	0.037037	0.2	0.0	0.0	0.0	0.0	0.0	
Boat-billed Flycatcher	0.2222222	0.0	0.0384615	0.0526316	0.0833333	0.0	0.173913	0.0	0.0	0.0	0.1818182	0.1111111	0.0	0.0	0.2380952	0.0	0.0	0.0	0.0	0.0	0.0	0.0	0.0	0.0	0.0	0.0	0.0	0.0015	0.0015	0.0	0.0	0.2857143	0.3333333	0.0	0.4444444	0.0	0.0	0.0	0.0	0.2	0.2	0.037037	0.6	1.0	0.0	0.0	0.0	0.0	
Social Flycatcher	0.3333333	0.16	0.0769231	0.2631579	0.1666667	0.0	0.0434783	0.125	0.6666667	0.3333333	0.1818182	0.1111111	0.0	0.25	0.2380952	0.0015	0.0	0.0	0.0	0.0	0.0	0.0	1.0	0.0	0.0	0.0	0.0909091	0.2	0.0015	0.0	0.0	0.1428571	0.3333333	0.0	0.2222222	0.0	0.0	0.0	0.0	0.1	0.3	0.0740741	0.4	0.0	0.1666667	0.0	0.25	1.0	
Gray-capped Flycatcher	0.1111111	0.0	0.0769231	0.3157895	0.0833333	0.0	0.173913	0.125	0.3333333	0.3333333	0.0909091	0.2222222	0.0	0.0	0.0	0.0	0.0	0.0	0.0	0.0	0.0	0.0	0.0	0.0	0.0	0.0	0.1818182	0.0	0.0	0.0	0.0015	0.1428571	0.6666667	0.0	0.2222222	0.0	0.0	0.0	0.0	0.1	0.3	0.1481481	0.6	0.0	0.1666667	0.0	0.0	0.0	
Lemon-browed Flycatcher	0.1111111	0.08	0.0384615	0.0526316	0.0	0.0	0.0869565	0.0	0.0	0.0	0.1818182	0.0	0.0	0.0	0.0	1.0	0.0	0.0	0.0	0.0	0.0	0.0	0.0	0.0	0.0	0.0	0.0909091	0.0	0.0	0.0	0.0015	0.0	0.3333333	0.0	0.0	0.0	0.0	0.0	0.0	0.1	0.0	0.037037	0.0	0.0	0.0	0.0	0.0015	0.0015	
Crowned Slaty Flycatcher	0.0	0.0	0.0	0.0	0.0	0.0	0.0	0.0	0.0	0.0	0.0	0.0	0.0	0.0	0.0	0.0	0.0	0.0	0.0	0.0	0.0	0.0	0.0	0.0	0.0	0.0	0.0	0.0	0.0015	0.0015	0.0	0.0	0.6666667	0.0	0.2222222	0.0	0.0	0.0	0.0	0.0	0.0	0.0	0.0	0.0	0.0	0.0	0.0	0.0	
Tropical Kingbird	0.5555556	0.28	0.1538462	0.2105263	0.5833333	0.0	0.3478261	0.375	0.6666667	0.5	0.3636364	0.5555556	0.0	0.25	0.3809524	0.0015	0.0	0.0	0.0	0.0	0.0	0.0	1.0	0.0	0.0	1.0	0.3636364	0.4	0.0015	1.0	0.0015	0.5714286	0.6666667	0.1818182	0.4444444	0.0015	0.0	0.0	0.0	0.3	0.5	0.3333333	0.2	1.0	0.6666667	0.0	0.5	0.0	
Olivaceous Greenlet	0.0	0.04	0.0384615	0.0526316	0.1666667	0.0	0.0	0.0	0.0	0.0	0.1818182	0.0	0.0	0.0	0.0	0.0	0.0	0.0	0.0	0.0	0.0	0.0	0.0	0.0	0.0	0.0	0.0	0.0	0.0	0.0	0.0	0.0015	0.0	0.0909091	0.0	0.0	0.0	0.0	0.0	0.0	0.0	0.0	0.0	0.0	0.0	0.0	0.0	0.0	
Slaty-capped Shrike-Vireo	0.0015	0.04	0.0384615	0.0	0.0833333	0.0	0.0869565	0.125	0.3333333	0.0	0.0	0.4444444	0.0	0.0	0.0	0.0015	0.0	0.0	0.0	0.0	0.0	0.0	0.0	0.0	0.0	0.0	0.0	0.2	0.0015	0.5	0.0	0.1428571	0.6666667	0.0909091	0.3333333	0.0	1.0	0.0	0.0	0.1	0.0	0.037037	0.0	0.0	0.1666667	0.0	0.0	0.0015	
Dusky-capped Greenlet	0.0	0.0	0.0384615	0.0	0.0	0.0	0.0	0.0	0.0	0.0	0.0	0.2222222	0.0	0.0	0.0	0.0	0.0	1.0	0.0	1.0	0.0	0.0	0.0	0.0	0.0	0.0	0.0	0.0	0.0	0.0	0.0	0.2857143	0.3333333	0.0	0.0	0.0	0.0	0.0	0.0	0.0	0.0	0.0	0.0	0.0	0.0	0.0	0.0	0.0	
Brown-capped Vireo	0.0	0.0	0.0	0.0	0.0	0.0	0.0	0.0	0.0	0.0	0.0	0.0	0.0	0.0	0.0	0.0	0.0	0.0	0.0	0.0	0.0	0.0	0.0	0.0	0.0	0.0	0.0	0.0	0.0	0.0	0.0	0.0015	0.0	0.0	0.0	0.0	0.0	0.0	0.0	0.0	0.0	0.0	0.0	0.0	0.0	0.0	0.0	0.0	
Chivi Vireo	0.0	0.0	0.0	0.0	0.0	0.0	0.0	0.0	0.0	0.0	0.0	0.0	0.0	0.0	0.0	0.0	0.0	0.0	0.0	0.0	0.0	0.0	0.0	0.0	0.0	0.0	0.0909091	0.0	0.0	0.0	0.0	0.1428571	0.0	0.0	0.0	0.0	0.0	0.0	0.0	0.0	0.0	0.0	0.0	0.0	0.0	0.0	0.0	0.0	
Red-eyed/Chivi Vireo	0.0	0.0	0.0	0.0	0.0	0.0	0.0	0.125	0.0	0.0	0.0	0.0	0.0	0.0	0.0	0.0	0.0	0.0	0.0	0.0	0.0	0.0	0.0	0.0	0.0	0.0	0.0	0.0	0.0015	0.0	0.0	0.0	0.3333333	0.0	0.0	0.0	0.0	0.0	0.0	0.0	0.0	0.0	0.0	0.0	0.0	0.0	0.0	0.0	
Turquoise Jay	0.0	0.04	0.0	0.0	0.0	0.0	0.0	0.0	0.0	0.0	0.0	0.0	0.0	0.0	0.0	0.0	0.0	0.0	0.0	0.0	0.0	0.0	0.0	0.0	0.0	0.0	0.0015	0.0	0.0	0.0	0.0	0.0	0.0	0.0	0.0	0.0	0.0	0.0	0.0	0.0	0.0	0.0	0.0	0.0	0.0	0.0	0.0	0.0	
Violaceous Jay	0.3333333	0.28	0.5	0.2631579	0.5	0.0	0.2173913	0.625	0.6666667	0.6666667	0.4545455	0.6666667	1.0	0.75	0.3809524	0.0015	0.0	0.0	0.0	0.0	0.0	0.0	0.0	1.0	0.0	1.0	0.1818182	0.2	0.0015	1.0	0.0	0.2857143	0.3333333	0.1818182	0.5555556	1.0	1.0	0.0	1.0	0.3	0.4	0.2592593	0.6	1.0	0.6666667	0.0	0.75	1.0	
Green Jay	0.0	0.0	0.0	0.0	0.0	0.0	0.0	0.0	0.0	0.1666667	0.1818182	0.0	0.0	0.0	0.0015	0.0	0.0	0.0	0.0	1.0	0.0	0.0	0.0	0.0	0.0	0.0	0.0	0.0	0.0015	0.0	0.0	0.0	0.0	0.0	0.0	0.0	0.0	0.0	0.0	0.0	0.0	0.0	0.0	0.0	0.1666667	0.0	0.0	0.0	
Black-capped Donacobius	0.0015	0.04	0.0	0.1052632	0.0	0.0	0.0	0.375	0.0	0.1666667	0.0909091	0.3333333	0.0	0.0	0.0952381	0.0	0.0	0.0	0.0	0.0	0.0	0.0	0.0	0.0	0.0	0.0	0.1818182	0.2	0.0015	0.0	0.0	0.2857143	0.3333333	0.0	0.2222222	0.0015	0.0	0.0	0.0	0.1	0.0	0.0740741	0.2	0.0	0.0	0.0	0.0	0.0	
Gray-breasted Martin	0.1111111	0.08	0.0	0.0	0.0	0.0	0.0	0.0	0.0	0.0	0.0	0.0	0.0	0.0	0.0	0.0	0.0	0.0	0.0	0.0	0.0	0.0	0.0	0.0	0.0	0.0	0.0909091	0.0	0.0	0.0	0.0	0.0015	0.6666667	0.0909091	0.0	0.0	0.0	0.0	0.0	0.1	0.0	0.0	0.0	0.0	0.0	0.0	0.0	0.0	
Southern Rough-winged Swallow	0.2222222	0.12	0.0384615	0.1578947	0.25	0.0	0.0434783	0.5	0.3333333	0.1666667	0.1818182	0.4444444	0.0	0.0	0.0952381	0.0015	0.0	0.0	0.0	0.0	0.0	0.0	1.0	0.0	0.0	0.0	0.3636364	0.2	0.0015	0.5	0.0	0.2857143	0.6666667	0.0909091	0.3333333	0.0	0.0	0.0	0.0	0.2	0.2	0.1481481	0.0	1.0	0.3333333	0.0	0.0	0.0	
White-thighed Swallow	0.2222222	0.0	0.0	0.1052632	0.0833333	1.0	0.0	0.125	0.0	0.0	0.0	0.3333333	0.0	0.0	0.0	0.5	0.0	0.0	0.0	0.0	0.0	0.0	0.0	0.0	0.0	0.0	0.0	0.2	0.0	0.0	0.0	0.1428571	0.3333333	0.0	0.2222222	0.0	0.0	0.0	0.0	0.0	0.0	0.1481481	0.2	0.0	0.0	0.0	0.0	0.0	
White-banded Swallow	0.3333333	0.16	0.0769231	0.3157895	0.25	1.0	0.0434783	0.0	0.3333333	0.0	0.1818182	0.3333333	0.0	0.0	0.2857143	0.0015	0.0	0.0	0.0	0.0	0.0	0.0	0.0	1.0	0.0	0.0	0.1818182	0.4	0.0015	0.5	0.0	0.2857143	0.6666667	0.0909091	0.0015	0.0	0.0	0.0	1.0	0.0	0.0	0.1111111	0.2	1.0	0.0	0.0	0.0	0.0	
Blue-and-white Swallow	0.4444444	0.2	0.2307692	0.3684211	0.4166667	0.0	0.3913043	0.0	0.3333333	0.6666667	0.3636364	0.4444444	0.0	0.25	0.4761905	0.0015	0.0	0.0	0.0	0.0	0.0	0.0	1.0	1.0	0.0	0.0	0.5454545	0.4	0.0015	0.5	0.0	0.5714286	0.6666667	0.0909091	0.2222222	1.0	0.0	0.0	1.0	0.4	0.1	0.5555556	0.2	1.0	0.6666667	0.0	0.5	0.0	
Scaly-breasted Wren	0.1111111	0.08	0.0	0.0526316	0.1666667	0.0	0.0015	0.375	0.3333333	0.0	0.0909091	0.5555556	0.0	0.5	0.1904762	0.0015	0.0	0.0	0.0	1.0	0.0	0.0	0.0	1.0	0.0	0.0	0.1818182	0.0	0.0015	0.5	0.0	0.0	0.0	0.1818182	0.7777778	1.0	0.0	0.0	0.0	0.1	0.0	0.037037	0.2	0.0	0.3333333	0.0	0.25	0.0	
Southern House Wren	0.2222222	0.2	0.1538462	0.1578947	0.1666667	0.0	0.1304348	0.125	1.0	0.6666667	0.0909091	0.3333333	0.0	0.5	0.2380952	0.0015	0.0	0.0	0.0	0.0	0.0	0.0	0.0	1.0	0.0	0.0	0.4545455	0.2	0.0	0.5	0.0015	0.1428571	0.6666667	0.2727273	0.2222222	1.0	0.0	1.0	1.0	0.3	0.1	0.1481481	0.6	0.0	0.1666667	0.0	0.25	0.0	
Thrush-like Wren	0.1111111	0.0	0.1153846	0.0526316	0.25	0.0	0.0	0.25	0.3333333	0.1666667	0.0909091	0.4444444	0.0	0.0	0.047619	0.0015	0.0	0.0	0.0	0.0	0.0	0.0	0.0	0.0	0.0	0.0	0.0	0.0	0.0	0.0	0.0	0.1428571	0.6666667	0.0	0.5555556	0.0	0.0	0.0	0.0	0.2	0.0	0.037037	0.2	1.0	0.0	0.0	0.0	0.0	
Coraya Wren	0.1111111	0.0	0.1153846	0.0	0.3333333	0.0	0.0869565	0.125	0.3333333	0.0	0.0	0.1111111	0.0	0.0	0.0015	0.0015	0.0	0.0	0.0	0.0	0.0	0.0	0.0	1.0	0.0	0.0	0.0	0.0	0.0015	0.5	0.0	0.0	0.6666667	0.0	0.1111111	0.0	0.0	0.0	0.0	0.0	0.1	0.0	0.0	1.0	0.1666667	0.0	0.0	0.0015	
White-breasted Wood-Wren	0.0	0.0	0.0769231	0.0526316	0.0833333	0.0	0.0	0.25	0.3333333	0.1666667	0.0909091	0.3333333	0.0	0.0	0.0015	0.0015	0.0	0.0	0.0	0.0	0.0	0.0	0.0	0.0	0.0	0.0	0.0909091	0.0	0.0	0.0	0.0	0.1428571	0.6666667	0.0	0.3333333	0.0	0.0	0.0	0.0	0.0	0.0	0.0	0.2	0.0	0.1666667	0.0	0.0	0.0	
Bar-winged Wood-Wren	0.0	0.08	0.0	0.0	0.0	0.0	0.0434783	0.125	0.0	0.1666667	0.0909091	0.0	0.0	0.0	0.0	0.0	0.0	0.0	0.0	1.0	0.0	0.0	0.0	0.0	0.0	0.0	0.0	0.0	0.0015	0.0	0.0	0.0	0.0	0.0	0.0	0.0	0.0	0.0	0.0	0.1	0.0	0.0	0.2	0.0	0.1666667	0.0	0.0	0.0	
Gray-breasted Wood-Wren	0.0	0.0	0.0	0.0	0.0	0.0	0.0	0.0	0.0	0.0	0.0	0.0	0.0	0.0	0.0	0.0	0.0	0.0	0.0	0.0	0.0	0.0	0.0	0.0	0.0	0.0	0.0	0.0	0.0015	0.0	0.0	0.0	0.0	0.0	0.1111111	0.0	0.0	0.0	0.0	0.0	0.0	0.0	0.0	0.0	0.0	0.0	0.0	0.0	
Musician Wren	0.0	0.0	0.0384615	0.0	0.0833333	0.0	0.0	0.125	0.0	0.0	0.0	0.0	0.0	0.0	0.0	0.0	0.0	0.0	0.0	0.0	0.0	0.0	0.0	0.0	0.0	0.0	0.0	0.0	0.0	0.0	0.5	0.0	0.0	0.0	0.1111111	0.0	0.0	0.0	0.0	0.0	0.0	0.0	0.0	1.0	0.0	0.0	0.0	0.0015	
Chestnut-bellied Thrush	0.0	0.04	0.0	0.0	0.0	0.0	0.0	0.125	0.0	0.0	0.0	0.0	0.0	0.0	0.0	0.0	0.0	0.0	0.0	1.0	0.0	0.0	0.0	0.0	0.0	0.0	0.0	0.0	0.0015	0.0	0.0	0.0	0.0	0.0	0.1111111	0.0	0.0	0.0	0.0	0.1	0.0	0.0	0.0015	0.0	0.1666667	0.0	0.0	0.0	
Black-billed Thrush	0.2222222	0.2	0.1923077	0.1052632	0.3333333	0.0	0.0015	0.125	0.6666667	0.0	0.1818182	0.2222222	0.0	0.0	0.0	0.5	0.0	0.0	0.0	0.0	0.0	0.0	0.0	0.0	0.0	1.0	0.0	0.2	0.0015	0.0	0.0	0.1428571	0.6666667	0.0909091	0.4444444	1.0	1.0	0.0	0.0	0.4	0.0	0.1481481	0.4	1.0	0.5	0.0	0.25	0.0	
White-necked Thrush	0.1111111	0.04	0.0384615	0.0	0.1666667	0.0	0.0434783	0.0	0.3333333	0.0	0.0	0.4444444	0.0	0.0	0.047619	0.0	0.0	0.0	0.0	1.0	0.0	0.0	0.0	0.0	0.0	0.0	0.2727273	0.0	0.0	0.0	0.0	0.2857143	0.3333333	0.0	0.1111111	1.0	1.0	0.0	0.0	0.1	0.1	0.037037	0.0	0.0	0.3333333	0.0	0.0	0.0015	
Golden-bellied Euphonia	0.0	0.0	0.1153846	0.0526316	0.0	0.0	0.0	0.0	0.3333333	0.0	0.0	0.2222222	0.0	0.0	0.0	0.5	0.0	0.0	0.0	0.0	0.0	0.0	0.0	0.0	0.0	0.0	0.0	0.0	0.0	0.5	0.0	0.0015	0.0	0.0	0.0	0.0	0.0	0.0	0.0	0.0	0.0	0.037037	0.2	0.0	0.0	0.0	0.0	0.0015	
Thick-billed Euphonia	0.1111111	0.08	0.0769231	0.0526316	0.0833333	0.0	0.2608696	0.125	0.3333333	0.0	0.0909091	0.3333333	0.0	0.0	0.2857143	0.0015	0.0	0.0	0.0	0.0	0.0	0.0	1.0	0.0	0.0	0.0	0.0	0.2	0.0015	0.5	0.0	0.1428571	0.0	0.0909091	0.3333333	1.0	0.0	0.0	0.0	0.0	0.0	0.1111111	0.0	1.0	0.8333333	0.0	0.0	0.0	
Orange-bellied Euphonia	0.2222222	0.12	0.3076923	0.1578947	0.1666667	0.0	0.0434783	0.375	0.6666667	0.5	0.2727273	0.2222222	1.0	0.0	0.2380952	0.0015	0.0	0.0	0.0	0.0	0.0	0.0	0.0	0.0	0.0	0.0	0.2727273	0.4	0.0015	1.0	0.0	0.2857143	0.6666667	0.0	0.3333333	1.0	1.0	0.0	1.0	0.5	0.0	0.0740741	0.4	1.0	0.6666667	0.0	0.25	0.0	
Bronze-green Euphonia	0.1111111	0.0	0.0	0.0	0.0	0.0	0.0	0.0	0.0	0.0015	0.0	0.0	0.0	0.0	0.1428571	0.0	0.0	0.0	0.0	0.0	0.0	0.0	0.0	0.0	0.0	0.0	0.0	0.0	0.0	0.0	0.0	0.0015	0.0	0.0	0.0	0.0	0.0	0.0	0.0	0.0	0.0	0.0	0.0	0.0	0.3333333	0.0	0.0	0.0	
euphonia sp.	0.0	0.04	0.0	0.0	0.0	0.0	0.0	0.0	0.0	0.0	0.0	0.0	0.0	0.0	0.0	0.0	0.0	0.0	0.0	0.0	0.0	0.0	0.0	0.0	0.0	0.0	0.0	0.0	0.0	0.5	0.0	0.0	0.0	0.0	0.0	0.0	0.0	0.0	0.0	0.0	0.0	0.0	0.0	0.0	0.0	0.0	0.0	0.0	
Yellow-throated Chlorospingus	0.1111111	0.04	0.0	0.1052632	0.0833333	0.0	0.0434783	0.25	0.3333333	0.1666667	0.0909091	0.1111111	0.0	0.25	0.047619	0.0	0.0	0.0	0.0	1.0	0.0	0.0	1.0	0.0	0.0	0.0	0.0	0.0	0.0015	0.0	0.0	0.0	0.3333333	0.0	0.1111111	0.0	0.0	0.0	0.0	0.1	0.0	0.0	0.0015	0.0	0.1666667	0.0	0.0	0.0	
Common Chlorospingus	0.0	0.0	0.0	0.0	0.0	0.0	0.0	0.0	0.0	0.0	0.0	0.0	0.0	0.0	0.0	0.0	0.0	0.0	0.0	0.0	0.0	0.0	1.0	0.0	0.0	0.0	0.0	0.0	0.0	0.5	0.0	0.0	0.0	0.0	0.0	0.0	0.0	0.0	0.0	0.0	0.0	0.0	0.0	0.0	0.0	0.0	0.0	0.0	
Yellow-browed Sparrow	0.2222222	0.16	0.0769231	0.1052632	0.3333333	1.0	0.0434783	0.375	1.0	0.0	0.0909091	0.5555556	0.0	0.0	0.3333333	0.0	0.0	0.0	0.0	0.0	0.0	0.0	0.0	0.0	0.0	0.0	0.0909091	0.0015	0.0015	0.5	0.0	0.1428571	0.6666667	0.0909091	0.1111111	0.0015	0.0	0.0	0.0	0.3	0.0	0.037037	0.4	0.0	0.0	0.0	0.25	0.0	
Orange-billed Sparrow	0.3333333	0.0	0.0384615	0.0	0.1666667	0.0	0.0434783	0.5	0.3333333	0.1666667	0.0	0.4444444	0.0	0.0	0.0	0.0	0.0	0.0	0.0	0.0	0.0	0.0	0.0	0.0	0.0	0.0	0.0	0.0	0.0	0.0	0.0	0.2857143	0.3333333	0.0	0.1111111	0.0	0.0	0.0	0.0	0.0	0.0	0.0	0.0	0.0	0.0	0.0	0.0	0.0	
Russet-backed Oropendola	0.4444444	0.2	0.2307692	0.1052632	0.25	0.0	0.173913	0.5	0.6666667	0.5	0.3636364	0.3333333	1.0	0.0	0.2380952	0.5	0.0	0.0	0.0	0.0	0.0	0.0	0.0	1.0	0.0	1.0	0.0909091	0.0015	0.0015	0.5	0.0	0.2857143	0.6666667	0.2727273	0.5555556	1.0	1.0	0.0	1.0	0.4	0.3	0.4814815	0.4	1.0	0.5	0.0	0.75	1.0	
Crested Oropendola	0.5555556	0.04	0.1538462	0.3684211	0.25	1.0	0.173913	0.0	0.0	0.3333333	0.0	0.3333333	0.0	0.5	0.2380952	0.5	0.0	0.0	0.0	0.0	0.0	0.0	0.0	0.0	0.0	0.0	0.2727273	0.0015	0.0015	0.0	0.0	0.1428571	0.0	0.0	0.0	1.0	1.0	0.0	0.0	0.4	0.4	0.2592593	0.2	1.0	0.1666667	0.0	0.5	0.0	
Yellow-rumped Cacique	0.4444444	0.12	0.1923077	0.3157895	0.4166667	0.0	0.1304348	0.625	0.3333333	0.6666667	0.1818182	0.3333333	0.0	0.25	0.0952381	0.5	0.0	0.0	0.0	0.0	0.0	0.0	0.0	1.0	0.0	1.0	0.3636364	0.0015	0.0015	0.0	0.0015	0.2857143	0.0	0.0	0.5555556	0.0015	1.0	0.0	0.0	0.4	0.2	0.2962963	0.4	1.0	0.6666667	0.0	0.25	1.0	
Mountain Cacique	0.0	0.0	0.0	0.0	0.0	0.0	0.0	0.0	0.0	0.0	0.0	0.0	0.0	0.0	0.0	0.0	0.0	0.0	0.0	0.0	0.0	0.0	0.0	0.0	0.0	0.0	0.0909091	0.0	0.0	0.0	0.0	0.0	0.0	0.0	0.0	0.0	0.0	0.0	0.0	0.0	0.0	0.0	0.0	0.0	0.0	0.0	0.0	0.0	
Epaulet Oriole	0.0	0.0	0.0015	0.0	0.25	0.0	0.0	0.125	0.0	0.0	0.0	0.1111111	0.0	0.0	0.0	0.0	0.0	0.0	0.0	0.0	0.0	0.0	0.0	0.0	0.0	0.0	0.0	0.2	0.0	0.0015	0.0	0.0	0.3333333	0.0	0.1111111	0.0	0.0	0.0	0.0	0.0	0.0	0.0	0.0	0.0	0.0	0.0	0.0	0.0	
Shiny Cowbird	0.0	0.0	0.0	0.0	0.0	0.0	0.0	0.0	0.0	0.0	0.0	0.0	0.0	0.0	0.0	0.0	0.0	0.0	0.0	0.0	0.0	0.0	0.0	0.0	0.0	0.0	0.0	0.2	0.0	0.0	0.0	0.0	0.0	0.0	0.0	0.0	0.0	0.0	0.0	0.0	0.0	0.037037	0.0	0.0	0.0	0.0	0.0	0.0	
Tropical Parula	0.0	0.0	0.0769231	0.0	0.0833333	0.0	0.0	0.125	0.0	0.0	0.0909091	0.2222222	0.0	0.0	0.0952381	0.0	0.0	0.0	0.0	1.0	0.0	0.0	0.0	0.0	0.0	0.0	0.0	0.0	0.0	0.0	0.0	0.0015	0.0	0.0	0.1111111	0.0	0.0	0.0	0.0	0.0	0.0	0.0	0.0	1.0	0.1666667	0.0	0.0	0.0	
Buff-rumped Warbler	0.2222222	0.16	0.1538462	0.0526316	0.0833333	0.0	0.0434783	0.125	0.3333333	0.1666667	0.0	0.3333333	0.0	0.0	0.0	0.0015	0.0	0.0	0.0	0.0	0.0	0.0	0.0	0.0	0.0	0.0	0.0909091	0.0	0.0	0.0	0.0	0.1428571	0.3333333	0.0909091	0.4444444	1.0	1.0	0.0	0.0	0.0	0.0	0.0	0.0	0.0	0.1666667	0.0	0.0	0.0	
Slate-throated Redstart	0.0	0.08	0.0769231	0.0	0.0	0.0	0.0869565	0.25	0.3333333	0.0	0.0909091	0.2222222	0.0	0.0	0.047619	0.0	0.0	1.0	0.0	1.0	0.0	0.0	0.0	0.0	0.0	0.0	0.0	0.0	0.0015	0.0015	0.0	0.0	0.0	0.0	0.2222222	0.0	0.0	0.0	0.0	0.1	0.0	0.0	0.0	0.0	0.1666667	0.0	0.0	0.0	
Hepatic Tanager	0.1111111	0.0	0.0	0.0	0.0	0.0	0.0	0.0	0.0	0.0	0.0	0.0	0.0	0.0	0.0	0.0	0.0	0.0	0.0	0.0	0.0	0.0	1.0	0.0	0.0	0.0	0.0909091	0.0	0.0	0.0	0.0	0.0	0.0	0.0	0.0	0.0	0.0	0.0	0.0	0.0	0.0	0.0	0.0	0.0	0.0	0.0	0.0	0.0	
Magpie Tanager	0.1111111	0.12	0.2307692	0.1578947	0.3333333	0.0	0.0434783	0.375	0.3333333	0.6666667	0.0909091	0.4444444	0.0	0.25	0.2857143	0.5	0.0	0.0	0.0	0.0	0.0	0.0	0.0	0.0	0.0	0.0	0.0	0.0	0.0015	0.0	0.0	0.0015	0.6666667	0.0	0.2222222	0.0015	1.0	0.0	0.0	0.0	0.4	0.1481481	0.2	1.0	0.0	0.0	0.25	0.0	
Flame-crested Tanager	0.0015	0.0	0.0769231	0.0	0.25	0.0	0.0869565	0.25	0.3333333	0.0	0.0909091	0.4444444	1.0	0.0	0.0952381	0.0015	0.0	0.0	0.0	0.0	0.0	0.0	1.0	0.0	0.0	0.0	0.1818182	0.2	0.0015	0.0	0.0015	0.1428571	0.3333333	0.0	0.1111111	1.0	0.0	0.0	0.0	0.0	0.0	0.1111111	0.2	1.0	0.0015	0.0	0.0	1.0	
White-shouldered Tanager	0.0	0.0	0.0	0.0	0.0	0.0	0.0	0.0	0.0	0.0	0.0	0.1111111	0.0	0.0	0.0	0.0	0.0	0.0	0.0	0.0	0.0	0.0	0.0	0.0	0.0	0.0	0.0	0.0	0.0	0.0	0.0	0.0015	0.0	0.0	0.0	0.0	0.0	0.0	0.0	0.1	0.0	0.0	0.0	0.0	0.0	0.0	0.0	0.0	
Fulvous-crested Tanager	0.1111111	0.0	0.0	0.0015	0.1666667	0.0	0.0	0.0	0.0	0.0	0.0	0.2222222	0.0	0.0	0.047619	0.0	0.0	0.0	0.0	0.0	0.0	0.0	0.0	0.0	0.0	0.0	0.0	0.0	0.0015	0.0	0.0	0.0015	0.0	0.0	0.0	0.0	0.0	0.0	0.0	0.0	0.0	0.0	0.0	0.0	0.0015	0.0	0.0	0.0	
White-lined Tanager	0.3333333	0.08	0.0769231	0.1052632	0.0833333	0.0	0.0434783	0.0	0.3333333	0.5	0.0	0.4444444	0.0	0.0	0.047619	0.5	0.0	0.0	0.0	0.0	0.0	0.0	0.0	0.0	0.0	0.0	0.2727273	0.0	0.0	0.0	0.0	0.1428571	0.6666667	0.0	0.0	0.0015	0.0	0.0	0.0	0.2	0.3	0.1851852	0.6	1.0	0.0	0.0	0.25	0.0	
Fulvous Shrike-Tanager	0.0	0.0	0.0	0.0	0.1666667	0.0	0.0	0.125	0.3333333	0.0	0.0	0.3333333	0.0	0.0	0.0015	0.0	0.0	0.0	0.0	0.0	0.0	0.0	0.0	0.0	0.0	0.0	0.0	0.2	0.0015	0.0	0.0015	0.0015	0.3333333	0.0	0.1111111	0.0	0.0	0.0	0.0	0.0	0.0	0.037037	0.0	0.0	0.0	0.0	0.0	0.0	
Silver-beaked Tanager	0.7777778	0.44	0.3461538	0.3157895	0.5	0.0	0.3913043	0.5	1.0	0.5	0.5454545	0.5555556	1.0	0.0	0.5238095	0.5	0.0	0.0	0.0	0.0	0.0	0.0	1.0	0.0	0.0	1.0	0.3636364	0.4	0.0	1.0	0.0015	0.5714286	0.6666667	0.1818182	0.4444444	1.0	1.0	0.0	1.0	0.6	0.6	0.5185185	0.4	1.0	0.8333333	0.0	0.5	1.0	
Masked Crimson Tanager	0.0015	0.0	0.0384615	0.0	0.0	0.0	0.0	0.0	0.0	0.0	0.0909091	0.1111111	0.0	0.0	0.0015	0.0	0.0	0.0	0.0	0.0	0.0	0.0	0.0	0.0	0.0	0.0	0.0	0.0	0.0	0.0	0.0	0.1428571	0.0	0.0	0.0	0.0	0.0	0.0	0.0	0.0	0.1	0.0	0.0	0.0	0.0	0.0	0.0	0.0	
Orange-throated Tanager	0.0015	0.0	0.1538462	0.1052632	0.0833333	0.0	0.0869565	0.25	0.3333333	0.0	0.1818182	0.4444444	0.0	0.0	0.0015	0.0	0.0	1.0	0.0	0.0	0.0	0.0	1.0	0.0	0.0	0.0	0.0909091	0.2	0.0015	0.0015	0.0	0.1428571	0.6666667	0.0909091	0.2222222	0.0015	0.0	0.0	0.0	0.0	0.0	0.0	0.0	1.0	0.0015	0.0	0.0	0.0015	
Yellow-throated Tanager	0.0	0.04	0.0	0.0	0.0	0.0	0.0	0.125	0.0	0.1666667	0.0909091	0.0	0.0	0.0	0.047619	0.0	0.0	0.0	0.0	1.0	0.0	0.0	0.0	0.0	0.0	0.0	0.0	0.0	0.0015	0.0015	0.0	0.0	0.0	0.0	0.0	0.0015	0.0	0.0	0.0	0.1	0.0	0.0	0.0015	0.0	0.1666667	0.0	0.0	0.0	
Orange-eared Tanager	0.0	0.0	0.0	0.0	0.0	0.0	0.0	0.0	0.0	0.0	0.0	0.0	1.0	0.0	0.0	0.0	0.0	0.0	0.0	0.0	0.0	0.0	0.0	0.0	0.0	0.0	0.0909091	0.2	0.0	0.0	0.0	0.0015	0.0	0.0	0.0	0.0	0.0	0.0	0.0	0.0	0.0	0.0	0.0	0.0	0.0	0.0	0.0	0.0	
Blue-gray Tanager	0.8888889	0.24	0.3846154	0.3157895	0.5	0.0	0.2173913	0.25	0.6666667	0.6666667	0.3636364	0.5555556	1.0	0.25	0.3809524	0.5	0.0	0.0	0.0	0.0	0.0	0.0	1.0	1.0	0.0	1.0	0.4545455	0.0	0.0015	0.5	0.0015	0.7142857	0.6666667	0.3636364	0.3333333	1.0	1.0	0.0	1.0	0.4	0.4	0.5185185	0.6	1.0	0.8333333	0.0	1.0	0.0015	
Palm Tanager	0.4444444	0.24	0.1923077	0.2105263	0.5	0.0	0.3043478	0.625	0.6666667	0.5	0.3636364	0.3333333	1.0	0.0	0.2857143	0.5	0.0	0.0	0.0	0.0	0.0	0.0	1.0	0.0	0.0	0.0	0.3636364	0.2	0.0015	0.0015	0.0	0.2857143	0.6666667	0.0	0.4444444	1.0	1.0	0.0	0.0	0.4	0.4	0.3703704	0.8	1.0	0.8333333	0.0	0.5	0.0015	
Yellow-bellied Tanager	0.1111111	0.04	0.0769231	0.1052632	0.25	0.0	0.0434783	0.125	0.6666667	0.1666667	0.1818182	0.5555556	1.0	0.0	0.2380952	0.5	0.0	1.0	0.0	0.0	0.0	0.0	0.0	0.0	0.0	0.0	0.1818182	0.4	0.0015	0.0	0.0015	0.4285714	0.3333333	0.0	0.3333333	1.0	0.0	0.0	0.0	0.3	0.0	0.2222222	0.2	0.0	0.6666667	0.0	0.25	0.0	
Spotted Tanager	0.0	0.0	0.0769231	0.0	0.0	0.0	0.0434783	0.0	0.0	0.0	0.0909091	0.4444444	1.0	0.0	0.0015	0.0	0.0	0.0	0.0	0.0	0.0	0.0	0.0	0.0	0.0	0.0	0.0	0.2	0.0	0.0	0.0	0.2857143	0.0	0.0909091	0.2222222	0.0	0.0	0.0	0.0	0.0	0.0	0.0	0.0	0.0	0.0	0.0	0.0	0.0	
Masked Tanager	0.2222222	0.08	0.1538462	0.1578947	0.25	0.0	0.1304348	0.125	0.3333333	0.0	0.1818182	0.4444444	1.0	0.0	0.1904762	0.5	0.0	1.0	0.0	0.0	0.0	0.0	0.0	0.0	0.0	0.0	0.1818182	0.2	0.0015	0.5	0.0015	0.4285714	0.6666667	0.0909091	0.2222222	1.0	0.0	0.0	0.0	0.1	0.1	0.037037	0.0	0.0	0.6666667	0.0	0.0	0.0	
Blue-necked Tanager	0.3333333	0.24	0.1923077	0.2105263	0.4166667	0.0	0.0869565	0.25	0.6666667	0.3333333	0.2727273	0.4444444	1.0	0.0	0.1904762	0.0015	0.0	0.0	0.0	0.0	0.0	0.0	0.0	1.0	0.0	0.0	0.2727273	0.0	0.0015	0.5	0.0015	0.5714286	0.6666667	0.2727273	0.4444444	0.0015	1.0	0.0	1.0	0.5	0.0	0.2592593	0.4	1.0	0.6666667	0.0	0.5	0.0015	
Turquoise Tanager	0.1111111	0.04	0.0769231	0.0526316	0.0833333	0.0	0.0	0.0	0.0	0.0	0.3636364	0.2222222	0.0	0.0	0.2857143	0.5	0.0	0.0	0.0	0.0	0.0	0.0	0.0	0.0	0.0	0.0	0.0909091	0.0015	0.0015	0.0015	0.0	0.2857143	0.3333333	0.0	0.2222222	1.0	0.0	0.0	0.0	0.4	0.1	0.0740741	0.0	0.0	0.5	0.0	0.0	0.0	
Paradise Tanager	0.6666667	0.2	0.1923077	0.4210526	0.3333333	0.0	0.2608696	0.25	0.3333333	0.6666667	0.2727273	0.4444444	1.0	0.0	0.3333333	1.0	0.0	0.0	0.0	0.0	0.0	0.0	0.0	0.0	0.0	0.0	0.2727273	0.2	0.0015	1.0	0.0	0.2857143	0.6666667	0.1818182	0.5555556	1.0	1.0	0.0	1.0	0.8	0.3	0.1481481	0.4	1.0	0.8333333	0.0	0.5	1.0	
Opal-rumped Tanager	0.0	0.0	0.0384615	0.0	0.0833333	0.0	0.0434783	0.125	0.0	0.0	0.0909091	0.1111111	1.0	0.0	0.0015	0.0	0.0	0.0	0.0	0.0	0.0	0.0	0.0	0.0	0.0	0.0	0.0015	0.0015	0.0	0.0	0.0015	0.0	0.0	0.1818182	0.1111111	1.0	0.0	0.0	0.0	0.0	0.0	0.0	0.0	1.0	0.0015	0.0	0.0	0.0	
Bay-headed Tanager	0.1111111	0.08	0.1153846	0.0526316	0.25	0.0	0.0869565	0.25	0.6666667	0.3333333	0.0	0.3333333	0.0	0.0	0.047619	0.0015	0.0	0.0	0.0	0.0	0.0	0.0	0.0	0.0	0.0	0.0	0.2727273	0.4	0.0015	1.0	0.0	0.2857143	0.0	0.0909091	0.3333333	1.0	0.0	0.0	0.0	0.6	0.1	0.037037	0.4	1.0	0.5	0.0	0.0	0.0	
Golden-eared Tanager	0.0	0.0	0.0	0.0	0.0	0.0	0.0	0.0	0.0	0.0	0.0	0.0	0.0	0.0	0.047619	0.0	0.0	0.0	0.0	0.0	0.0	0.0	0.0	0.0	0.0	0.0	0.0	0.2	0.0015	0.0	0.0	0.0	0.0	0.0	0.0015	0.0	0.0	0.0	0.0	0.0	0.0	0.0	0.0	0.0	0.0	0.0	0.0	0.0	
Saffron-crowned Tanager	0.0	0.0	0.0	0.0	0.0	0.0	0.0	0.0	0.0	0.0	0.0	0.0	0.0	0.0	0.0	0.0	0.0	0.0	0.0	0.0	0.0	0.0	0.0	0.0	0.0	0.0	0.0	0.0	0.0	0.0	0.0	0.1428571	0.0	0.0	0.0	0.0	0.0	0.0	0.0	0.0	0.0	0.0	0.0	0.0	0.0	0.0	0.0	0.0	
Flame-faced Tanager	0.0	0.04	0.0	0.0	0.0	0.0	0.0	0.0	0.0	0.1666667	0.0	0.0	0.0	0.0	0.0	0.0	0.0	0.0	0.0	0.0	0.0	0.0	0.0	0.0	0.0	0.0	0.0	0.2	0.0015	0.0	0.0	0.0	0.0	0.0	0.0	0.0	0.0	0.0	0.0	0.0	0.0	0.0	0.0	0.0	0.1666667	0.0	0.0	0.0	
Green-and-gold Tanager	0.4444444	0.2	0.2307692	0.1578947	0.4166667	0.0	0.173913	0.25	0.6666667	0.3333333	0.3636364	0.7777778	1.0	0.0	0.2857143	1.0	0.0	0.0	0.0	0.0	0.0	0.0	0.0	0.0	0.0	0.0	0.5454545	0.4	0.0015	1.0	0.0015	0.7142857	0.6666667	0.3636364	0.6666667	1.0	1.0	0.0	1.0	0.7	0.0	0.2222222	0.4	1.0	0.6666667	0.0	0.25	0.0015	
Golden Tanager	0.0	0.0	0.0	0.0526316	0.1666667	0.0	0.0	0.25	0.3333333	0.1666667	0.0	0.0	0.0	0.0	0.0015	0.0	0.0	0.0	0.0	0.0	0.0	0.0	0.0	0.0	0.0	0.0	0.0	0.2	0.0015	0.0	0.0	0.1428571	0.0	0.0	0.1111111	0.0	1.0	0.0	0.0	0.0	0.0	0.0	0.0	0.0	0.0	0.0	0.0	0.0	
Black-faced Dacnis	0.2222222	0.16	0.1153846	0.0	0.0833333	0.0	0.0434783	0.25	0.6666667	0.0	0.0909091	0.3333333	1.0	0.0	0.3333333	0.0015	0.0	0.0	0.0	0.0	0.0	0.0	1.0	0.0	0.0	0.0	0.1818182	0.2	0.0015	1.0	0.0015	0.7142857	0.6666667	0.0909091	0.3333333	1.0	1.0	0.0	0.0	0.5	0.1	0.1481481	0.2	0.0	0.0	0.0	0.25	1.0	
Yellow-bellied Dacnis	0.1111111	0.04	0.0384615	0.0	0.3333333	0.0	0.1304348	0.125	0.3333333	0.1666667	0.3636364	0.2222222	0.0	0.0	0.2380952	0.0	0.0	0.0	0.0	0.0	0.0	0.0	0.0	0.0	0.0	0.0	0.0909091	0.2	0.0	0.5	0.0	0.0015	0.0	0.0	0.0	0.0	0.0	0.0	0.0	0.1	0.1	0.0740741	0.2	0.0	0.6666667	0.0	0.0	0.0015	
Blue Dacnis	0.1111111	0.0	0.0769231	0.1578947	0.0833333	0.0	0.0434783	0.125	0.3333333	0.0	0.1818182	0.1111111	0.0	0.0	0.0952381	0.0015	0.0	0.0	0.0	0.0	0.0	0.0	0.0	0.0	0.0	0.0	0.0	0.0	0.0	0.0	0.0	0.0015	0.6666667	0.0909091	0.0	0.0	0.0	0.0	0.0	0.2	0.0	0.037037	0.0	0.0	0.0	0.0	0.0	0.0	
Green Honeycreeper	0.0	0.08	0.1153846	0.3684211	0.25	0.0	0.0869565	0.125	0.3333333	0.0	0.0	0.2222222	1.0	0.0	0.047619	0.5	0.0	0.0	0.0	0.0	0.0	0.0	0.0	0.0	0.0	0.0	0.0909091	0.4	0.0	1.0	0.0	0.4285714	0.0	0.1818182	0.3333333	1.0	0.0	0.0	0.0	0.2	0.1	0.1481481	0.2	0.0	0.0	0.0	0.0	0.0	
Golden-collared Honeycreeper	0.0	0.0	0.0	0.0	0.0	0.0	0.0	0.0	0.0	0.0	0.0	0.0	0.0	0.0	0.0	0.0	0.0	0.0	0.0	0.0	0.0	0.0	0.0	0.0	0.0	0.0	0.0	0.0	0.0	0.0	0.0	0.0015	0.0	0.0	0.0	0.0	0.0	0.0	0.0	0.0	0.0	0.0	0.0	0.0	0.0	0.0	0.0	0.0	
Guira Tanager	0.1111111	0.0	0.0	0.0	0.0	0.0	0.0	0.0	0.0	0.0	0.0	0.0	0.0	0.0	0.0	0.0	0.0	0.0	0.0	0.0	0.0	0.0	0.0	0.0	0.0	0.0	0.0909091	0.0	0.0	0.0	0.0	0.0	0.0	0.0	0.0	0.0	0.0	0.0	0.0	0.0	0.0	0.0	0.0	0.0	0.0	0.0	0.0	0.0	
Yellow-backed Tanager	0.1111111	0.08	0.0015	0.1052632	0.25	0.0	0.0	0.25	0.3333333	0.3333333	0.0	0.4444444	1.0	0.0	0.047619	0.0015	0.0	0.0	0.0	0.0	0.0	0.0	0.0	0.0	0.0	0.0	0.0	0.2	0.0015	1.0	0.0015	0.0015	0.6666667	0.0909091	0.1111111	1.0	0.0	0.0	0.0	0.0	0.0	0.037037	0.0	0.0	0.5	0.0	0.0	0.0	
Deep-blue Flowerpiercer	0.0	0.0	0.0	0.0	0.0	0.0	0.0	0.125	0.0	0.1666667	0.0	0.0	0.0	0.0	0.047619	0.0	0.0	0.0	0.0	0.0	0.0	0.0	0.0	0.0	0.0	0.0	0.0	0.0	0.0015	0.0	0.0	0.0	0.0	0.0	0.1111111	0.0015	0.0	0.0	0.0	0.0	0.0	0.0	0.0	0.0	0.0	0.0	0.0	0.0	
Blue-black Grassquit	0.1111111	0.12	0.1538462	0.1052632	0.25	0.0	0.0	0.375	0.3333333	0.3333333	0.0909091	0.3333333	0.0	0.0	0.1428571	0.5	0.0	0.0	0.0	0.0	0.0	0.0	0.0	0.0	0.0	0.0	0.0909091	0.0	0.0015	0.0	0.0	0.2857143	0.0	0.0	0.2222222	0.0	1.0	0.0	1.0	0.4	0.2	0.037037	0.2	1.0	0.1666667	0.0	0.25	0.0	
Chestnut-bellied Seedeater	0.1111111	0.2	0.0384615	0.1052632	0.1666667	0.0	0.0434783	0.0	0.3333333	0.0	0.0909091	0.2222222	0.0	0.0	0.1904762	0.0	0.0	0.0	0.0	0.0	0.0	0.0	0.0	0.0	0.0	0.0	0.1818182	0.0	0.0015	0.0	0.0015	0.5714286	0.6666667	0.0909091	0.2222222	0.0	1.0	0.0	0.0	0.4	0.0	0.1111111	0.2	1.0	0.1666667	0.0	0.5	0.0	
Chestnut-bellied Seed-Finch	0.1111111	0.2	0.0384615	0.1578947	0.25	0.0	0.0434783	0.5	0.3333333	0.1666667	0.0909091	0.1111111	0.0	0.0	0.0	0.0	0.0	0.0	0.0	0.0	0.0	0.0	0.0	0.0	0.0	0.0	0.0909091	0.0	0.0015	0.0	0.0	0.1428571	0.0	0.0	0.2222222	0.0	0.0	0.0	0.0	0.1	0.1	0.1111111	0.4	1.0	0.0	0.0	0.0	1.0	
Black-and-white Seedeater	0.1111111	0.0	0.0	0.0	0.0	0.0	0.0	0.0	0.0	0.0	0.0	0.0	0.0	0.0	0.0	0.0	0.0	0.0	0.0	0.0	0.0	0.0	0.0	0.0	0.0	0.0	0.0	0.0	0.0	0.0	0.0	0.0015	0.0	0.0	0.2222222	0.0	0.0	0.0	0.0	0.0	0.0	0.0	0.0	1.0	0.0	0.0	0.0	0.0	
Yellow-bellied Seedeater	0.0	0.04	0.0	0.0	0.0	0.0	0.0	0.0	0.0	0.0	0.0	0.0	0.0	0.0	0.0	0.0	0.0	0.0	0.0	0.0	0.0	0.0	0.0	0.0	0.0	0.0	0.0	0.0	0.0	0.0	0.0	0.1428571	0.0	0.0	0.0	0.0	0.0	0.0	0.0	0.0	0.0	0.0	0.0	0.0	0.0	0.0	0.0	0.0	
Red-crested Finch	0.0	0.08	0.0769231	0.1578947	0.0833333	0.0	0.1304348	0.0	0.3333333	0.0	0.0	0.0	0.0	0.25	0.0952381	0.5	0.0	0.0	0.0	0.0	0.0	0.0	0.0	0.0	0.0	0.0	0.0909091	0.0015	0.0015	0.0	0.0015	0.1428571	0.0	0.0	0.1111111	1.0	0.0	0.0	0.0	0.1	0.0	0.1481481	0.0	0.0	0.0015	0.0	0.0015	0.0015	
Bananaquit	0.1111111	0.28	0.1923077	0.1052632	0.25	0.0	0.0434783	0.125	0.6666667	0.1666667	0.1818182	0.5555556	0.0	0.0	0.2380952	0.5	0.0	0.0	0.0	0.0	0.0	0.0	1.0	1.0	0.0	0.0	0.5454545	0.2	0.0015	1.0	0.0	0.1428571	0.6666667	0.1818182	0.5555556	0.0015	1.0	0.0	0.0	0.4	0.3	0.2222222	0.4	1.0	0.5	0.0	0.5	0.0	
Yellow-shouldered Grosbeak	0.0	0.0	0.0	0.0526316	0.0833333	0.0	0.0	0.0	0.3333333	0.0	0.0	0.1111111	0.0	0.0	0.0	0.0	0.0	0.0	0.0	0.0	0.0	0.0	0.0	0.0	0.0	0.0	0.0909091	0.2	0.0	0.0	0.0	0.0	0.3333333	0.0	0.0015	0.0	0.0	0.0	0.0	0.0	0.0	0.0	0.0	0.0	0.0	0.0	0.0	0.0015	
Buff-throated Saltator	0.0	0.0	0.0384615	0.1052632	0.25	0.0	0.0434783	0.25	0.3333333	0.1666667	0.0909091	0.4444444	0.0	0.0	0.2857143	0.0015	0.0	0.0	0.0	1.0	0.0	0.0	1.0	0.0	0.0	0.0	0.0	0.0	0.0	0.0	0.0	0.0	0.6666667	0.0	0.3333333	0.0015	0.0	0.0	0.0	0.1	0.0	0.037037	0.2	1.0	0.5	0.0	0.0	0.0	
Slate-colored Grosbeak	0.0015	0.0	0.0769231	0.0	0.0	1.0	0.0434783	0.125	0.3333333	0.0	0.1818182	0.3333333	0.0	0.0	0.047619	0.0015	0.0	0.0	0.0	0.0	0.0	0.0	0.0	0.0	0.0	0.0	0.0	0.0	0.0	0.0	0.0	0.1428571	0.6666667	0.0	0.3333333	0.0	0.0	0.0	0.0	0.2	0.0	0.0015	0.0	1.0	0.0	0.0	0.0	0.0	

